Type	Chromosome	Start	End	-log10(q-value)	G-score	average amplitude	frequency
Amp	 1	2488138	4955862	-0.000000	0.000000	0.357242	0.015625
Amp	 1	7434544	8085061	-0.000000	0.022905	0.501793	0.031250
Amp	 1	9770584	28607270	-0.000000	0.000000	0.000000	0.000000
Amp	 1	30535114	30794960	-0.000000	0.047694	1.271835	0.015625
Amp	 1	35013586	35013586	-0.000000	0.061807	0.815519	0.031250
Amp	 1	35468429	36945066	0.015329	0.075117	0.672408	0.046875
Amp	 1	39305301	40366863	0.087512	0.083944	0.619580	0.062500
Amp	 1	40367520	45805909	-0.000000	0.036249	0.402161	0.046875
Amp	 1	46509444	46598394	-0.000000	0.022939	0.410149	0.031250
Amp	 1	46642022	46743849	-0.000000	0.064252	0.935897	0.031250
Amp	 1	51434461	53811942	-0.000000	0.030399	0.355167	0.046875
Amp	 1	59245461	59564373	-0.000000	0.030193	0.371046	0.046875
Amp	 1	65300293	66372906	-0.000000	0.011871	0.319437	0.031250
Amp	 1	70742063	75413622	-0.000000	0.046487	0.506645	0.046875
Amp	 1	78414455	99589424	-0.000000	0.034616	0.558747	0.031250
Amp	 1	99780284	109490457	-0.000000	0.000000	0.236434	0.015625
Amp	 1	113234456	116333734	-0.000000	0.021446	0.420100	0.031250
Amp	 1	117273534	117273534	-0.000000	0.000000	0.236434	0.015625
Amp	 1	117690342	118170061	-0.000000	0.041705	1.072734	0.031250
Amp	 1	118223984	118346219	-0.000000	0.000000	0.541983	0.031250
Amp	 1	120199189	120512251	-0.000000	0.036858	0.745767	0.062500
Amp	 1	120529644	120529644	-0.000000	0.061523	0.661394	0.093750
Amp	 1	120539788	120539788	0.001630	0.072121	0.571568	0.140625
Amp	 1	120548082	120548082	0.240014	0.132247	0.711151	0.265625
Amp	 1	120572570	120611984	0.384482	0.151378	0.746087	0.328125
Amp	 1	147282446	149785031	0.572709	0.170569	0.728711	0.484375
Amp	 1	149812524	150550844	0.869023	0.208961	0.744008	0.500000
Amp	 1	150551663	150551663	0.660010	0.184297	0.746743	0.484375
Amp	 1	150552561	150552561	0.280526	0.141239	0.711392	0.484375
Amp	 1	152330945	155880673	0.188655	0.101989	0.684935	0.500000
Amp	 1	156785626	158507184	0.087512	0.082799	0.681647	0.500000
Amp	 1	161284206	161332171	0.188655	0.107570	0.685517	0.531250
Amp	 1	162688895	163325192	0.732191	0.196756	0.733140	0.546875
Amp	 1	165044038	165044038	0.087512	0.082799	0.683426	0.515625
Amp	 1	169022903	172415451	-0.000000	0.023531	0.650253	0.500000
Amp	 1	175869554	175869554	-0.000000	0.043518	0.652773	0.515625
Amp	 1	175914298	180810233	-0.000000	0.062644	0.649595	0.531250
Amp	 1	182696117	184327256	-0.000000	0.042657	0.634632	0.531250
Amp	 1	185520600	190734051	-0.000000	0.067915	0.671590	0.515625
Amp	 1	193091396	201984394	0.217205	0.131458	0.706433	0.531250
Amp	 1	202188641	202188641	0.156691	0.092781	0.709977	0.562500
Amp	 1	204494686	204518526	1.050025	0.239049	0.792972	0.578125
Amp	 1	206646614	206945698	0.924481	0.213489	0.774831	0.578125
Amp	 1	209632563	209632563	0.039951	0.078642	0.694775	0.562500
Amp	 1	214977365	219421928	-0.000000	0.046885	0.672322	0.562500
Amp	 1	219991341	226064745	-0.000000	0.065040	0.667795	0.578125
Amp	 1	226252117	226595571	0.087512	0.085754	0.682044	0.578125
Amp	 1	227596280	228623061	-0.000000	0.064241	0.684172	0.562500
Amp	 1	230355438	246670438	-0.000000	0.046087	0.693072	0.546875
Amp	 2	4717089	16087561	0.188655	0.104008	0.741313	0.093750
Amp	 2	17675735	17675735	0.128973	0.089579	0.816130	0.078125
Amp	 2	17986683	17986683	-0.000000	0.049992	0.614610	0.078125
Amp	 2	20616425	20616425	-0.000000	0.026664	0.617096	0.062500
Amp	 2	21058264	26068391	-0.000000	0.000000	0.447431	0.062500
Amp	 2	26101063	27015054	-0.000000	0.027024	0.514953	0.078125
Amp	 2	27015663	28539877	-0.000000	0.000000	0.447431	0.062500
Amp	 2	29416439	30143192	-0.000000	0.026948	0.495122	0.078125
Amp	 2	34654129	41764905	-0.000000	0.000000	0.447431	0.062500
Amp	 2	43951922	44561532	-0.000000	0.018475	0.459462	0.078125
Amp	 2	46128458	47705535	-0.000000	0.042844	0.514821	0.093750
Amp	 2	47707923	50178151	-0.000000	0.024369	0.516268	0.078125
Amp	 2	51288438	58496276	-0.000000	0.049083	0.547246	0.093750
Amp	 2	60170875	66352795	-0.000000	0.024369	0.516268	0.078125
Amp	 2	67673930	86184486	-0.000000	0.000000	0.432853	0.062500
Amp	 2	95849288	99204005	-0.000000	0.027659	0.428257	0.078125
Amp	 2	99373720	111921759	-0.000000	0.047126	0.527353	0.078125
Amp	 2	119592977	120048729	-0.000000	0.027659	0.412671	0.078125
Amp	 2	125301502	133919427	-0.000000	0.010887	0.409119	0.062500
Amp	 2	134775344	141641929	-0.000000	0.000000	0.328825	0.046875
Amp	 2	142098162	154688728	-0.000000	0.018539	0.364585	0.062500
Amp	 2	158594110	159560048	-0.000000	0.054669	0.594480	0.062500
Amp	 2	164133568	242800953	-0.000000	0.000000	0.328825	0.046875
Amp	 3	1449872	9040994	0.188655	0.097402	0.616447	0.140625
Amp	 3	10183702	10192961	0.188655	0.116389	0.617572	0.156250
Amp	 3	12393133	17744210	0.188655	0.104677	0.616583	0.140625
Amp	 3	22112060	25569565	0.001630	0.070006	0.583349	0.125000
Amp	 3	26806108	26806108	-0.000000	0.039572	0.486523	0.125000
Amp	 3	28650238	29047673	0.039951	0.078980	0.580398	0.140625
Amp	 3	29250696	30664728	-0.000000	0.058394	0.585253	0.109375
Amp	 3	30686323	30733002	0.188655	0.097271	0.715053	0.109375
Amp	 3	32670357	33432307	0.188655	0.118948	0.685572	0.140625
Amp	 3	34786456	34786456	0.335460	0.148982	0.770511	0.140625
Amp	 3	36109775	41443267	0.001630	0.070699	0.576714	0.125000
Amp	 3	43177020	43177020	-0.000000	0.051712	0.569430	0.109375
Amp	 3	47058664	63597382	-0.000000	0.000000	0.458678	0.062500
Amp	 3	69788801	71007445	-0.000000	0.016805	0.481714	0.062500
Amp	 3	71008470	71161738	-0.000000	0.000000	0.363487	0.046875
Amp	 3	71179742	73114711	-0.000000	0.014023	0.361844	0.062500
Amp	 3	75010988	76716794	-0.000000	0.000000	0.506520	0.062500
Amp	 3	87348066	89176391	-0.000000	0.034842	0.488144	0.109375
Amp	 3	89259340	89480405	-0.000000	0.054481	0.501966	0.125000
Amp	 3	89498450	94429172	-0.000000	0.034842	0.488144	0.109375
Amp	 3	95454468	112547601	-0.000000	0.013698	0.521914	0.109375
Amp	 3	116506471	134069661	-0.000000	0.000000	0.536011	0.093750
Amp	 3	134514503	134977908	-0.000000	0.040505	0.549730	0.156250
Amp	 3	138374300	138667561	0.003185	0.073190	0.563786	0.187500
Amp	 3	142168358	150742677	0.188655	0.105649	0.646964	0.171875
Amp	 3	154880370	159601763	-0.000000	0.032459	0.506909	0.171875
Amp	 3	162769378	162769378	-0.000000	0.048240	0.501181	0.187500
Amp	 3	164564579	164564579	0.087512	0.085708	0.537123	0.203125
Amp	 3	169940508	170020872	0.269452	0.137142	0.598460	0.218750
Amp	 3	177899353	177899353	0.188655	0.099674	0.570001	0.203125
Amp	 3	178916790	180017424	1.018868	0.220298	0.806843	0.203125
Amp	 3	181426161	185003413	0.188655	0.099674	0.568626	0.203125
Amp	 3	185047016	186501414	0.484252	0.159869	0.686481	0.203125
Amp	 3	186502244	194238390	0.188655	0.118709	0.607496	0.187500
Amp	 4	1402650	1795716	-0.000000	0.053735	0.400858	0.093750
Amp	 4	1801116	1808916	-0.000000	0.060938	0.448983	0.093750
Amp	 4	1902680	1918681	-0.000000	0.030343	0.353795	0.078125
Amp	 4	1920109	1980501	-0.000000	0.017073	0.349204	0.062500
Amp	 4	6113559	48356333	-0.000000	0.000000	0.285619	0.046875
Amp	 4	54245262	55987311	-0.000000	0.036154	0.363081	0.078125
Amp	 4	55991427	62707653	-0.000000	0.022598	0.370067	0.046875
Amp	 4	65604616	75662515	-0.000000	0.053247	0.511626	0.062500
Amp	 4	78271620	78271620	-0.000000	0.022598	0.333028	0.062500
Amp	 4	84383839	84406182	-0.000000	0.000000	0.239527	0.046875
Amp	 4	94653694	99807651	-0.000000	0.063234	0.402953	0.093750
Amp	 4	99808287	99808287	-0.000000	0.046285	0.385421	0.078125
Amp	 4	99809072	99850255	-0.000000	0.027402	0.354010	0.062500
Amp	 4	105135443	134635942	-0.000000	0.000000	0.218766	0.031250
Amp	 4	136777689	143235890	-0.000000	0.014538	0.252078	0.062500
Amp	 4	143324149	145225998	-0.000000	0.041102	0.421106	0.062500
Amp	 4	153244167	153303414	-0.000000	0.026564	0.546246	0.031250
Amp	 4	153332705	155454287	-0.000000	0.000000	0.215622	0.015625
Amp	 4	156646960	157615583	-0.000000	0.017136	0.340834	0.031250
Amp	 4	165697040	183806904	-0.000000	0.045357	0.466653	0.046875
Amp	 4	184234587	184234587	-0.000000	0.028221	0.466957	0.031250
Amp	 4	187367539	190262486	-0.000000	0.041149	0.514668	0.046875
Amp	 5	218502	1294105	0.756351	0.201728	0.769258	0.312500
Amp	 5	1294995	1295241	0.703725	0.187278	0.750870	0.312500
Amp	 5	2979710	2979710	0.484252	0.160466	0.716748	0.312500
Amp	 5	4089201	4577842	0.001630	0.069477	0.632584	0.296875
Amp	 5	5492718	8453623	-0.000000	0.046582	0.635353	0.281250
Amp	 5	14009085	14869915	-0.000000	0.011948	0.659676	0.250000
Amp	 5	21760602	34605325	-0.000000	0.000000	0.683382	0.234375
Amp	 5	35857121	38942443	-0.000000	0.030337	0.692417	0.250000
Amp	 5	38943004	56111642	-0.000000	0.000000	0.681458	0.234375
Amp	 5	56152502	57750506	-0.000000	0.011450	0.762609	0.109375
Amp	 5	57750793	59018033	-0.000000	0.032894	0.742850	0.125000
Amp	 5	67522671	72671738	-0.000000	0.000000	0.450744	0.078125
Amp	 5	75111397	77168090	0.015329	0.074916	0.563072	0.125000
Amp	 5	79172136	79961072	0.732191	0.194256	0.838006	0.140625
Amp	 5	79966022	80171626	1.009078	0.218591	0.906826	0.140625
Amp	 5	86564538	86564538	0.332041	0.143674	0.873839	0.109375
Amp	 5	86564869	88365778	0.128973	0.089450	0.676675	0.109375
Amp	 5	96383752	126841120	-0.000000	0.000000	0.410003	0.093750
Amp	 5	127196066	137431501	-0.000000	0.026139	0.446475	0.109375
Amp	 5	139517048	142329145	-0.000000	0.034201	0.396533	0.156250
Amp	 5	147496307	149516591	0.087512	0.084461	0.444102	0.187500
Amp	 5	150229801	153690473	0.332041	0.143553	0.572568	0.187500
Amp	 5	154504902	154936212	0.188655	0.104719	0.490199	0.187500
Amp	 5	161253451	162712737	0.087512	0.084461	0.447232	0.187500
Amp	 5	170814982	176715873	0.188655	0.104472	0.465433	0.203125
Amp	 5	176719057	180076517	0.188655	0.096411	0.487120	0.187500
Amp	 6	393261	25606678	-0.000000	0.020059	0.399698	0.156250
Amp	 6	25795577	25795577	-0.000000	0.000000	0.385660	0.125000
Amp	 6	26020923	26066061	-0.000000	0.051185	0.440532	0.156250
Amp	 6	26127861	26172061	0.150099	0.091325	0.542698	0.156250
Amp	 6	26197273	27839888	0.188655	0.114596	0.553190	0.171875
Amp	 6	27858365	27858365	0.188655	0.104856	0.572569	0.156250
Amp	 6	29230683	29913035	0.001630	0.072163	0.430894	0.140625
Amp	 6	29913230	29913230	-0.000000	0.058632	0.389719	0.140625
Amp	 6	30668326	32169086	0.001630	0.069172	0.439743	0.140625
Amp	 6	32170115	32172040	-0.000000	0.045567	0.415188	0.109375
Amp	 6	32178621	32790081	-0.000000	0.017602	0.362877	0.093750
Amp	 6	32797245	32798489	-0.000000	0.038186	0.388349	0.109375
Amp	 6	32800174	32800174	-0.000000	0.020584	0.376879	0.093750
Amp	 6	32800503	33290665	-0.000000	0.042580	0.423673	0.109375
Amp	 6	34617144	34617144	-0.000000	0.059941	0.427095	0.125000
Amp	 6	36645662	39338435	0.026279	0.077308	0.439302	0.140625
Amp	 6	40588295	41904365	0.188655	0.097427	0.468818	0.140625
Amp	 6	41905053	41908714	0.188655	0.106028	0.444652	0.156250
Amp	 6	41909289	41909289	0.269452	0.135701	0.480734	0.187500
Amp	 6	43739017	46910415	0.269452	0.135729	0.455215	0.187500
Amp	 6	64286838	64290021	0.001630	0.071329	0.395836	0.187500
Amp	 6	65096797	68164958	-0.000000	0.030597	0.369604	0.156250
Amp	 6	72558580	76598904	-0.000000	0.008602	0.332400	0.140625
Amp	 6	79720867	93108691	-0.000000	0.000000	0.345555	0.125000
Amp	 6	93953201	100315027	-0.000000	0.015943	0.409705	0.109375
Amp	 6	106051738	106555074	-0.000000	0.000000	0.322359	0.125000
Amp	 6	109308790	111995768	-0.000000	0.049369	0.439532	0.156250
Amp	 6	112015655	136294983	-0.000000	0.000000	0.395357	0.140625
Amp	 6	137519472	137540422	-0.000000	0.022524	0.401880	0.140625
Amp	 6	137723544	148266753	-0.000000	0.058300	0.452751	0.156250
Amp	 6	149983120	150023089	-0.000000	0.035776	0.432461	0.140625
Amp	 6	152129274	152419984	0.188655	0.115237	0.591461	0.156250
Amp	 6	153023184	166653963	-0.000000	0.035776	0.454669	0.125000
Amp	 6	167630439	170798891	-0.000000	0.057119	0.528528	0.109375
Amp	 7	1672540	2640378	-0.000000	0.061836	0.592390	0.250000
Amp	 7	2946374	4798533	-0.000000	0.041955	0.598148	0.234375
Amp	 7	6013102	6442012	-0.000000	0.059269	0.599234	0.250000
Amp	 7	11691296	12463109	-0.000000	0.068094	0.648503	0.250000
Amp	 7	13935602	13950898	-0.000000	0.050779	0.634727	0.250000
Amp	 7	13971251	16584470	-0.000000	0.034261	0.644312	0.234375
Amp	 7	16603660	24164624	-0.000000	0.000000	0.586177	0.234375
Amp	 7	32894503	41742061	-0.000000	0.030618	0.528389	0.250000
Amp	 7	43288484	47802508	-0.000000	0.038578	0.477689	0.234375
Amp	 7	50358678	50450322	-0.000000	0.021222	0.339963	0.109375
Amp	 7	50455106	50739455	-0.000000	0.053820	0.458494	0.109375
Amp	 7	52528988	52528988	0.087512	0.085653	0.473385	0.140625
Amp	 7	53722880	55273130	0.188655	0.107227	0.480959	0.156250
Amp	 7	56749207	56749207	0.003185	0.074629	0.388060	0.140625
Amp	 7	64721546	71297516	-0.000000	0.042796	0.395538	0.140625
Amp	 7	78021636	80802110	-0.000000	0.029534	0.424430	0.125000
Amp	 7	81076832	81381507	-0.000000	0.048274	0.484051	0.125000
Amp	 7	81386562	81399244	-0.000000	0.040314	0.524260	0.109375
Amp	 7	82948594	82956889	-0.000000	0.021574	0.429971	0.109375
Amp	 7	83542173	91179891	-0.000000	0.000000	0.410113	0.093750
Amp	 7	92244527	92462521	-0.000000	0.031277	0.465250	0.109375
Amp	 7	97097087	111820090	-0.000000	0.000000	0.410113	0.093750
Amp	 7	116339739	135681518	-0.000000	0.043913	0.511196	0.109375
Amp	 7	139338133	139338133	0.001630	0.070904	0.510128	0.109375
Amp	 7	140434484	140454010	0.128973	0.089520	0.514407	0.125000
Amp	 7	140476800	148544332	0.188655	0.106945	0.511513	0.140625
Amp	 7	150486083	151430709	0.240014	0.132744	0.526026	0.156250
Amp	 7	151833963	151960158	0.543971	0.166479	0.563564	0.171875
Amp	 7	151962209	152373145	0.240014	0.132744	0.526026	0.156250
Amp	 7	153622382	158450965	0.627353	0.173054	0.571476	0.171875
Amp	 8	565232	2387976	-0.000000	0.011766	0.296476	0.046875
Amp	 8	3176639	6327274	-0.000000	0.000000	0.294980	0.031250
Amp	 8	6710357	6710357	-0.000000	0.055513	0.667633	0.046875
Amp	 8	10470915	11268077	0.332041	0.144718	1.068346	0.062500
Amp	 8	11587234	12586261	-0.000000	0.055513	0.667633	0.046875
Amp	 8	13745588	31397748	-0.000000	0.000000	0.294980	0.031250
Amp	 8	36092421	36092421	0.732191	0.196434	1.482492	0.093750
Amp	 8	38133280	38133916	13.972729	0.998200	1.847662	0.281250
Amp	 8	38135877	38178640	14.121032	1.006502	1.761538	0.296875
Amp	 8	38184311	38205352	11.288895	0.862828	1.656243	0.281250
Amp	 8	38271234	38318619	8.601944	0.723634	1.538560	0.265625
Amp	 8	38736089	38736089	6.855830	0.622523	1.387178	0.265625
Amp	 8	38858431	38858431	5.934175	0.569764	1.402651	0.265625
Amp	 8	53901286	55372087	0.631115	0.179178	1.002861	0.343750
Amp	 8	55375061	55375061	0.435216	0.155840	1.012900	0.328125
Amp	 8	56063806	56854485	-0.000000	0.046913	0.880879	0.328125
Amp	 8	56859030	59790210	-0.000000	0.025823	0.888593	0.312500
Amp	 8	65193137	66183866	-0.000000	0.024404	0.854386	0.328125
Amp	 8	66631972	69143591	-0.000000	0.046733	0.888977	0.328125
Amp	 8	70250407	70981746	0.500328	0.162418	1.067392	0.343750
Amp	 8	74858960	74872002	0.188655	0.115514	1.110639	0.343750
Amp	 8	74875061	74885061	0.188655	0.099412	1.144607	0.343750
Amp	 8	81288925	86485306	0.150099	0.091110	1.189229	0.343750
Amp	 8	87558283	90996771	0.188655	0.104633	1.152488	0.359375
Amp	 8	91433917	91433917	-0.000000	0.047127	1.076377	0.375000
Amp	 8	97963811	102984279	-0.000000	0.013524	1.043098	0.406250
Amp	 8	103858308	109235858	-0.000000	0.000000	1.071053	0.390625
Amp	 8	109735830	109735830	-0.000000	0.019214	1.056325	0.406250
Amp	 8	111298543	111298543	-0.000000	0.029090	1.029439	0.421875
Amp	 8	117859835	125874959	0.188655	0.099814	1.040382	0.453125
Amp	 8	128343879	128343879	0.384482	0.152367	1.046539	0.437500
Amp	 8	128748061	128755161	0.732191	0.188779	1.045694	0.453125
Amp	 8	131098162	132408509	0.631115	0.178903	1.103259	0.390625
Amp	 8	139766478	139766478	0.543971	0.166265	1.082378	0.343750
Amp	 8	141542197	141572643	0.869023	0.209860	1.101282	0.343750
Amp	 8	141582971	141582971	0.732191	0.190599	1.078998	0.343750
Amp	 8	141595314	141595314	0.459198	0.157744	1.040987	0.343750
Amp	 8	141645595	141645595	0.188655	0.114148	0.831229	0.343750
Amp	 8	141840881	145743127	0.217205	0.129737	0.812340	0.359375
Amp	 9	421980	37020716	-0.000000	0.000000	0.451689	0.062500
Amp	 9	37034006	37034006	-0.000000	0.021470	0.400367	0.046875
Amp	 9	75047061	80646084	-0.000000	0.066364	0.596966	0.078125
Amp	 9	82832769	84386712	-0.000000	0.000000	0.393044	0.046875
Amp	 9	87285770	87359938	-0.000000	0.029310	0.387811	0.078125
Amp	 9	87366951	87549142	-0.000000	0.043500	0.383370	0.093750
Amp	 9	87563463	87636260	-0.000000	0.029310	0.387811	0.078125
Amp	 9	92495076	125767540	-0.000000	0.000000	0.393044	0.046875
Amp	 9	126974804	126974804	-0.000000	0.040808	0.546063	0.109375
Amp	 9	127912076	128434724	0.484252	0.160449	0.858450	0.125000
Amp	 9	129469539	133760213	-0.000000	0.058362	0.533656	0.125000
Amp	 9	135771882	137328387	0.003185	0.074421	0.628940	0.109375
Amp	 9	138663796	138829709	0.001630	0.071553	0.512206	0.109375
Amp	 9	139391267	139820244	0.150099	0.091577	0.511890	0.125000
Amp	10	1510047	2158567	-0.000000	0.026920	0.703507	0.218750
Amp	10	3097212	8596776	0.001630	0.071047	0.865988	0.218750
Amp	10	9959785	9959785	-0.000000	0.044127	0.879898	0.203125
Amp	10	10136339	45386046	-0.000000	0.000000	0.793502	0.203125
Amp	10	49842655	53793416	-0.000000	0.008955	0.444328	0.093750
Amp	10	56851396	56851396	-0.000000	0.020990	0.424615	0.109375
Amp	10	60277549	60277549	0.001630	0.071995	0.540081	0.109375
Amp	10	63661479	63829508	0.602137	0.172325	0.757910	0.125000
Amp	10	63845560	63851705	0.359813	0.149509	0.685321	0.125000
Amp	10	68050521	68821572	0.602137	0.170983	0.810036	0.109375
Amp	10	70333053	71539581	0.484252	0.159618	0.765555	0.109375
Amp	10	86028579	86028579	0.359813	0.150753	0.848067	0.093750
Amp	10	88635809	88649900	0.188655	0.123872	0.867196	0.078125
Amp	10	88651935	88866129	0.065002	0.082304	0.819495	0.062500
Amp	10	89624266	89725137	-0.000000	0.029085	0.455151	0.046875
Amp	10	90918714	104389868	-0.000000	0.056220	0.514893	0.062500
Amp	10	105517162	105517162	-0.000000	0.040838	0.416151	0.062500
Amp	10	108316062	109599389	-0.000000	0.059635	0.535759	0.062500
Amp	10	110982703	111500900	0.065002	0.081366	0.609954	0.078125
Amp	10	112724468	112771472	0.001630	0.069612	0.687656	0.062500
Amp	10	114710610	114925523	-0.000000	0.000000	0.625172	0.015625
Amp	10	117807881	122302242	-0.000000	0.046843	0.517211	0.078125
Amp	10	123239140	123353277	0.001630	0.069643	0.522516	0.109375
Amp	10	127191122	128270699	-0.000000	0.022800	0.493068	0.078125
Amp	10	133191828	134199067	-0.000000	0.000000	0.454198	0.062500
Amp	11	532696	13127893	-0.000000	0.000000	0.393406	0.062500
Amp	11	14300927	17747061	-0.000000	0.031115	0.579164	0.093750
Amp	11	18586122	30254550	-0.000000	0.000000	0.456349	0.109375
Amp	11	32410665	35242907	0.332041	0.143434	0.783849	0.140625
Amp	11	39878822	64138854	-0.000000	0.000000	0.387944	0.093750
Amp	11	64572047	64577352	-0.000000	0.023568	0.371542	0.062500
Amp	11	66677366	66677366	2.972004	0.382923	1.325455	0.140625
Amp	11	67196056	67202550	6.639278	0.609945	1.615233	0.171875
Amp	11	68758509	68758509	12.799093	0.943068	1.415151	0.296875
Amp	11	69069538	69069538	15.888975	1.097552	1.405494	0.343750
Amp	11	69456181	69588844	19.925614	1.282105	1.561654	0.359375
Amp	11	69589683	69633592	19.687051	1.264401	1.671001	0.328125
Amp	11	71936120	71949352	9.900860	0.795368	1.649850	0.218750
Amp	11	74401763	74401763	8.019282	0.690638	1.697669	0.187500
Amp	11	76059229	77103471	9.757112	0.783867	1.749611	0.203125
Amp	11	81185331	83269191	1.018868	0.221241	0.949059	0.125000
Amp	11	85956329	86333434	1.105982	0.243310	0.916567	0.140625
Amp	11	88359631	88359631	0.602137	0.172403	0.832300	0.109375
Amp	11	94153319	94153319	-0.000000	0.055905	0.464528	0.093750
Amp	11	94163115	99322321	-0.000000	0.044270	0.498209	0.078125
Amp	11	100850202	100850202	0.087512	0.085936	0.562662	0.093750
Amp	11	100909925	100998983	0.732191	0.190151	1.004747	0.093750
Amp	11	101981740	101985000	0.627353	0.178490	1.282527	0.062500
Amp	11	102020070	102207737	-0.000000	0.044549	0.523478	0.046875
Amp	11	105610205	133495556	-0.000000	0.000000	0.356678	0.015625
Amp	12	394725	1039264	0.188655	0.097309	0.606396	0.171875
Amp	12	1040437	1040437	0.065002	0.081044	0.623252	0.156250
Amp	12	1042183	1042183	-0.000000	0.060710	0.571499	0.156250
Amp	12	3001344	4947332	-0.000000	0.033599	0.545101	0.140625
Amp	12	11664178	55215314	-0.000000	0.000000	0.504203	0.125000
Amp	12	55427311	57863348	-0.000000	0.028052	0.502805	0.140625
Amp	12	57864972	57864972	-0.000000	0.056976	0.584809	0.140625
Amp	12	58142354	58145392	0.003185	0.073425	0.576817	0.156250
Amp	12	58814968	61873087	-0.000000	0.045372	0.499872	0.171875
Amp	12	62290656	62755631	0.188655	0.102260	0.645086	0.203125
Amp	12	63294859	65379373	1.018868	0.222687	0.880867	0.203125
Amp	12	66943175	69210659	1.173475	0.249097	0.932574	0.203125
Amp	12	69214130	69233342	1.018868	0.222687	0.918616	0.187500
Amp	12	77781871	81164017	-0.000000	0.056888	0.599921	0.156250
Amp	12	91237920	93919297	-0.000000	0.000000	0.455127	0.156250
Amp	12	93919441	97487831	-0.000000	0.020100	0.464493	0.171875
Amp	12	102796315	102874128	-0.000000	0.041045	0.520988	0.171875
Amp	12	104975209	107194776	0.003185	0.073360	0.560141	0.171875
Amp	12	108602970	112942534	-0.000000	0.053260	0.560340	0.156250
Amp	12	115109877	120795660	0.188655	0.108962	0.678008	0.156250
Amp	12	120796832	121438932	0.087512	0.085283	0.618157	0.140625
Amp	12	122974253	122974253	-0.000000	0.032315	0.468363	0.140625
Amp	12	123868751	133263871	0.307190	0.143002	0.781389	0.140625
Amp	13	21004738	21619995	0.001630	0.071810	0.765989	0.062500
Amp	13	25694340	26978156	0.150099	0.091859	0.654442	0.093750
Amp	13	28578250	28644689	-0.000000	0.063246	0.533064	0.093750
Amp	13	28674626	28942758	-0.000000	0.048358	0.523953	0.078125
Amp	13	28959095	29678920	0.150099	0.092094	0.622155	0.093750
Amp	13	32507426	32944617	1.018868	0.234861	1.055053	0.109375
Amp	13	32945165	32972603	1.018868	0.225473	1.162508	0.093750
Amp	13	33833810	34348532	0.087512	0.082705	0.661149	0.078125
Amp	13	41032459	42178332	-0.000000	0.009772	0.449413	0.046875
Amp	13	43550021	103506681	-0.000000	0.000000	0.549762	0.031250
Amp	13	103508432	106826378	-0.000000	0.013639	0.449899	0.062500
Amp	13	109078699	111119077	-0.000000	0.061682	0.604485	0.078125
Amp	14	20347564	20893219	0.188655	0.115954	0.469754	0.203125
Amp	14	21337266	25438250	0.188655	0.100728	0.474864	0.187500
Amp	14	27035112	27035112	0.128973	0.089224	0.491417	0.171875
Amp	14	30046553	30396587	0.435216	0.155331	0.551665	0.203125
Amp	14	31375322	33107172	0.543971	0.166101	0.510656	0.234375
Amp	14	35871243	36558077	1.460244	0.273368	0.653777	0.250000
Amp	14	36984061	38345849	1.756780	0.294240	0.769828	0.218750
Amp	14	46730899	52640564	0.732191	0.190031	0.622143	0.218750
Amp	14	57141603	64619850	-0.000000	0.008640	0.430214	0.140625
Amp	14	65472962	68353830	-0.000000	0.052355	0.623073	0.125000
Amp	14	68758649	75322327	-0.000000	0.000000	0.409564	0.109375
Amp	14	77427469	95556918	-0.000000	0.023794	0.484558	0.109375
Amp	14	95557409	104146361	-0.000000	0.053113	0.557410	0.140625
Amp	14	104540855	104540855	0.087512	0.083488	0.578979	0.156250
Amp	14	105236718	105906073	0.188655	0.114830	0.658754	0.156250
Amp	15	26216370	33033161	-0.000000	0.027159	0.327154	0.109375
Amp	15	36872498	36872498	-0.000000	0.019296	0.345796	0.093750
Amp	15	38456861	45468626	-0.000000	0.000000	0.316730	0.078125
Amp	15	48073768	48073768	-0.000000	0.013084	0.436764	0.093750
Amp	15	48633092	54609467	0.015329	0.075009	0.599531	0.109375
Amp	15	55966642	55966642	-0.000000	0.013084	0.454054	0.109375
Amp	15	59502497	66694279	-0.000000	0.000000	0.453085	0.109375
Amp	15	66727470	67358596	-0.000000	0.027032	0.507843	0.140625
Amp	15	67430402	67482813	-0.000000	0.000000	0.475550	0.125000
Amp	15	71892215	71950471	-0.000000	0.019364	0.477473	0.140625
Amp	15	73992020	78164706	-0.000000	0.033355	0.471960	0.156250
Amp	15	87255748	88799261	-0.000000	0.054502	0.504797	0.156250
Amp	15	90627542	90645565	0.188655	0.108634	0.494866	0.187500
Amp	15	91290672	91358421	0.188655	0.125380	0.492699	0.203125
Amp	15	93545934	93545934	0.188655	0.099974	0.415294	0.203125
Amp	15	94591032	95792273	1.009078	0.218173	0.695085	0.187500
Amp	15	97476082	97476082	1.460244	0.273259	0.802226	0.187500
Amp	15	98674857	98674857	3.210474	0.404116	1.021813	0.203125
Amp	15	99192858	99861618	4.076790	0.454234	1.067807	0.218750
Amp	16	115072	1987058	-0.000000	0.000000	0.515261	0.406250
Amp	16	2089987	2781843	-0.000000	0.012682	0.523557	0.421875
Amp	16	3498951	10274062	-0.000000	0.000000	0.502777	0.406250
Amp	16	11345961	14041838	-0.000000	0.018952	0.487667	0.343750
Amp	16	23614885	23652455	-0.000000	0.000000	0.487228	0.390625
Amp	16	26320139	27356667	-0.000000	0.017139	0.504677	0.390625
Amp	16	30128050	31691912	0.087512	0.083158	0.530370	0.421875
Amp	16	50783862	52085593	-0.000000	0.020151	0.475084	0.203125
Amp	16	55329601	58529615	-0.000000	0.000000	0.483905	0.171875
Amp	16	61579583	61579583	-0.000000	0.010707	0.538149	0.140625
Amp	16	67063350	67132647	-0.000000	0.039849	0.560780	0.156250
Amp	16	67645126	67671683	-0.000000	0.029142	0.547157	0.140625
Amp	16	68771343	68842399	0.188655	0.110870	0.645963	0.171875
Amp	16	68842674	68867298	0.001630	0.072082	0.556213	0.171875
Amp	16	72821905	72992685	-0.000000	0.008604	0.497772	0.140625
Amp	16	78785563	80160745	-0.000000	0.000000	0.385169	0.109375
Amp	16	81819691	82113471	-0.000000	0.039558	0.467953	0.125000
Amp	16	85880425	85880425	-0.000000	0.057326	0.466207	0.140625
Amp	16	89250882	89882984	-0.000000	0.017768	0.393553	0.125000
Amp	17	114669	953456	-0.000000	0.014635	0.318759	0.078125
Amp	17	986742	11396377	-0.000000	0.000000	0.305327	0.062500
Amp	17	11924261	17131327	-0.000000	0.007993	0.300977	0.062500
Amp	17	21809394	21809394	-0.000000	0.026172	0.570098	0.093750
Amp	17	29422358	29592302	0.188655	0.114424	0.631939	0.156250
Amp	17	29653054	29701102	0.275818	0.137844	0.734368	0.140625
Amp	17	30264403	30325850	0.128973	0.089371	0.611887	0.140625
Amp	17	30696292	31819598	0.015329	0.075477	0.682081	0.109375
Amp	17	31889954	33446592	-0.000000	0.065325	0.629142	0.125000
Amp	17	37618848	37682343	7.455884	0.653981	1.369872	0.234375
Amp	17	37687213	37687213	7.920315	0.679996	1.414014	0.234375
Amp	17	37855827	37855827	8.245895	0.703324	1.363182	0.250000
Amp	17	37856528	37884120	8.053579	0.691983	1.434817	0.234375
Amp	17	38487560	38499038	1.018868	0.231519	0.873884	0.171875
Amp	17	38504642	38512370	0.812155	0.205505	0.799484	0.171875
Amp	17	38566930	38566930	0.633049	0.182176	0.819362	0.156250
Amp	17	40353819	40500471	0.015329	0.074787	0.591747	0.140625
Amp	17	40854580	43344512	-0.000000	0.065325	0.564987	0.140625
Amp	17	43344950	43367984	0.188655	0.096907	0.654303	0.140625
Amp	17	45356561	45356561	0.039951	0.078728	0.670440	0.125000
Amp	17	46801061	46812061	7.508147	0.657043	1.199612	0.296875
Amp	17	47677812	47696672	8.245895	0.704620	1.168766	0.343750
Amp	17	47699369	47700134	7.584080	0.663322	1.120987	0.343750
Amp	17	50802507	50802507	4.076790	0.455395	1.029055	0.281250
Amp	17	53367300	53367300	4.993411	0.509585	1.102591	0.296875
Amp	17	55334135	55334135	8.075079	0.694550	1.395688	0.296875
Amp	17	55334479	55704627	7.574783	0.660281	1.422583	0.281250
Amp	17	55729491	55816832	6.115707	0.579705	1.308647	0.281250
Amp	17	56432326	56492813	8.109243	0.696925	1.418182	0.296875
Amp	17	56770077	56811531	9.003368	0.746010	1.483936	0.296875
Amp	17	58206139	58740635	14.603204	1.031697	1.683023	0.328125
Amp	17	59761079	59938854	12.793039	0.935389	1.502370	0.343750
Amp	17	62006635	62006635	6.115707	0.581100	1.206389	0.312500
Amp	17	62006815	62006815	5.644730	0.555260	1.173505	0.312500
Amp	17	62007189	62009588	4.608012	0.488421	1.088445	0.312500
Amp	17	63314191	63554331	3.782137	0.437086	1.091540	0.296875
Amp	17	64938342	64938342	3.646363	0.429769	1.027651	0.312500
Amp	17	66511629	66547245	4.297791	0.471282	1.137349	0.296875
Amp	17	68921040	69889186	3.134380	0.392109	1.081646	0.281250
Amp	17	70114461	70122461	3.181420	0.402409	1.038515	0.296875
Amp	17	72939446	72939446	2.081622	0.317497	0.919907	0.296875
Amp	17	73774740	73775192	2.843567	0.373732	0.980774	0.296875
Amp	17	74681435	74733062	1.516448	0.277513	0.851880	0.296875
Amp	17	77280338	77453363	1.966326	0.309536	0.823449	0.328125
Amp	17	78519511	78820324	1.391448	0.267609	0.793734	0.312500
Amp	17	78829306	80783009	2.145819	0.322164	0.863162	0.312500
Amp	18	724528	2548101	-0.000000	0.052303	0.656021	0.125000
Amp	18	7023594	29691607	-0.000000	0.000000	0.783387	0.078125
Amp	18	30089478	39661094	-0.000000	0.021968	0.719457	0.078125
Amp	18	42288477	48593473	-0.000000	0.044159	0.756277	0.078125
Amp	18	48603077	53631042	-0.000000	0.022190	0.714245	0.062500
Amp	18	54917232	74387299	-0.000000	0.000000	0.719966	0.046875
Amp	19	1207058	3121082	-0.000000	0.000000	0.376611	0.046875
Amp	19	4090651	4123827	-0.000000	0.029554	0.528009	0.078125
Amp	19	5206819	5286106	-0.000000	0.047176	0.470733	0.109375
Amp	19	7117244	7293853	-0.000000	0.000000	0.406460	0.109375
Amp	19	10244360	10305536	0.627353	0.174014	0.732469	0.156250
Amp	19	10597411	10982489	0.003185	0.073003	0.528191	0.140625
Amp	19	11015690	11170792	0.087512	0.083586	0.558119	0.140625
Amp	19	11172476	11172476	-0.000000	0.061240	0.550489	0.125000
Amp	19	13049539	13054627	0.384482	0.152126	0.736881	0.140625
Amp	19	13519303	14629056	0.732191	0.197434	0.719917	0.171875
Amp	19	15271999	15890517	1.018868	0.222453	0.777807	0.171875
Amp	19	17193551	19261518	0.188655	0.115212	0.643880	0.140625
Amp	19	28780462	30308381	-0.000000	0.000000	0.459083	0.156250
Amp	19	30311682	36229321	-0.000000	0.014569	0.475938	0.171875
Amp	19	36833798	36833798	-0.000000	0.045110	0.533464	0.156250
Amp	19	39538592	41765634	-0.000000	0.030541	0.528586	0.140625
Amp	19	42381414	42384991	-0.000000	0.048710	0.550030	0.093750
Amp	19	42753254	42799160	-0.000000	0.061322	0.525468	0.109375
Amp	19	45854933	45873796	1.018868	0.228018	0.762457	0.171875
Amp	19	47725067	47735816	0.631115	0.179308	0.714723	0.156250
Amp	19	50138875	50140344	0.732191	0.190340	0.675273	0.171875
Amp	19	50143279	51805318	0.627353	0.177727	0.704991	0.156250
Amp	19	52693389	53812523	0.003185	0.073799	0.431977	0.171875
Amp	19	56752041	58288169	-0.000000	0.062767	0.447097	0.156250
Amp	20	345864	7601013	-0.000000	0.000000	0.682199	0.250000
Amp	20	9520187	15770383	-0.000000	0.014680	0.560063	0.234375
Amp	20	16142333	22964799	0.275818	0.137884	0.677363	0.250000
Amp	20	30253821	30946607	0.660010	0.182953	0.716651	0.343750
Amp	20	30954228	31023688	0.546555	0.168273	0.766543	0.296875
Amp	20	31367937	31394074	-0.000000	0.045069	0.634916	0.281250
Amp	20	31395639	31395639	0.500328	0.162320	0.805457	0.281250
Amp	20	35478142	36031678	0.188655	0.117251	0.824241	0.265625
Amp	20	36971119	39924630	-0.000000	0.036853	0.686467	0.281250
Amp	20	40709546	41514510	-0.000000	0.063318	0.718808	0.296875
Amp	20	41759541	41818330	-0.000000	0.026465	0.669440	0.296875
Amp	20	41956920	41956920	0.003185	0.073484	0.702143	0.312500
Amp	20	46251033	46282156	0.188655	0.102953	0.685819	0.343750
Amp	20	48451129	48451129	0.572709	0.170258	0.763686	0.343750
Amp	20	51970961	52776841	5.311558	0.528057	1.005325	0.406250
Amp	20	54945305	54945628	6.457926	0.599404	1.103645	0.390625
Amp	20	54948538	55178081	7.955213	0.682683	1.188431	0.390625
Amp	20	57415552	57429355	4.162274	0.462274	0.935765	0.390625
Amp	20	57466851	57485811	3.844012	0.441519	0.914635	0.390625
Amp	20	58054448	58196424	2.145819	0.325997	0.762543	0.406250
Amp	20	59928005	62327135	1.940391	0.305738	0.742711	0.406250
Amp	21	17798960	31384297	-0.000000	0.000000	0.674330	0.203125
Amp	21	36164670	36164670	0.188655	0.121909	0.663710	0.203125
Amp	21	36171679	36265241	0.332041	0.146495	0.732655	0.203125
Amp	21	36421168	37557474	0.188655	0.121909	0.724594	0.187500
Amp	21	37954722	41326577	0.178985	0.095567	0.638007	0.203125
Amp	21	41918958	41918958	-0.000000	0.021803	0.509523	0.187500
Amp	21	42462188	42879904	-0.000000	0.040103	0.548336	0.187500
Amp	21	43174436	45660694	-0.000000	0.060784	0.546647	0.203125
Amp	22	19053406	22127217	-0.000000	0.030232	0.442966	0.109375
Amp	22	22142612	41573869	-0.000000	0.000000	0.388547	0.093750
Amp	22	44445659	44445659	-0.000000	0.024777	0.488480	0.062500
Amp	22	45134197	49370834	-0.000000	0.053369	0.536330	0.078125
Del	 1	2488138	4849384	2.890580	0.201305	0.409067	0.296875
Del	 1	4859064	11167550	2.955881	0.211455	0.409067	0.296875
Del	 1	11177544	11327456	2.890580	0.208072	0.358081	0.312500
Del	 1	11337450	12106997	2.334406	0.179314	0.358081	0.312500
Del	 1	12116991	12166962	2.317387	0.177622	0.358081	0.312500
Del	 1	12176956	12276897	2.334406	0.179314	0.358081	0.312500
Del	 1	12286891	12556733	2.256071	0.174239	0.358081	0.312500
Del	 1	12566727	14015874	2.334406	0.179314	0.358081	0.312500
Del	 1	14025868	14065845	2.317387	0.177622	0.358081	0.312500
Del	 1	14075839	14115815	2.334392	0.179314	0.358081	0.312500
Del	 1	14125809	14905351	2.298260	0.177622	0.358081	0.312500
Del	 1	14915345	15235157	2.206140	0.170856	0.358081	0.312500
Del	 1	15245151	15395063	2.290350	0.177622	0.358081	0.312500
Del	 1	15405057	15425045	2.182532	0.170856	0.358081	0.312500
Del	 1	15435039	15554969	2.331940	0.179314	0.358081	0.312500
Del	 1	15564963	15724869	2.290350	0.177622	0.358081	0.312500
Del	 1	15734863	16134628	2.334406	0.179314	0.358081	0.312500
Del	 1	16144622	16199471	3.077081	0.218222	0.358081	0.312500
Del	 1	16208955	16256373	3.069707	0.216530	0.379687	0.312500
Del	 1	16265857	17370492	3.524046	0.241905	0.379687	0.312500
Del	 1	17380479	20601111	3.572076	0.243596	0.375433	0.328125
Del	 1	20611068	20760421	3.077081	0.216530	0.366011	0.328125
Del	 1	20770378	21118868	3.077081	0.218222	0.366011	0.328125
Del	 1	21128825	21298092	2.971150	0.213147	0.366011	0.328125
Del	 1	21308049	21318006	3.077081	0.218222	0.366011	0.328125
Del	 1	21327962	21507186	2.979096	0.213147	0.366011	0.328125
Del	 1	21517143	21626669	3.077081	0.218222	0.366011	0.328125
Del	 1	21636625	21676453	3.047074	0.216530	0.366011	0.328125
Del	 1	21686410	21985116	3.077081	0.218222	0.366011	0.328125
Del	 1	21995073	22034900	3.075995	0.216530	0.366011	0.328125
Del	 1	22044857	22154382	3.077081	0.218222	0.366011	0.328125
Del	 1	22164339	22263908	3.057901	0.216530	0.366011	0.328125
Del	 1	22273865	22427961	3.077081	0.218222	0.366011	0.328125
Del	 1	22437956	22477935	2.890580	0.208072	0.369794	0.312500
Del	 1	22487930	23881061	3.469481	0.238521	0.369794	0.312500
Del	 1	23884061	23885481	3.754604	0.255438	0.380261	0.343750
Del	 1	23889061	27112928	3.759862	0.260513	0.389116	0.359375
Del	 1	27122890	27541306	3.131148	0.223297	0.396719	0.312500
Del	 1	27551268	27630966	3.110909	0.221605	0.396719	0.312500
Del	 1	27640929	27730589	3.131148	0.223297	0.396719	0.312500
Del	 1	27740551	27919872	3.110909	0.221605	0.396719	0.312500
Del	 1	27929835	28298439	3.131148	0.223297	0.396719	0.312500
Del	 1	28308402	28408024	3.083879	0.221605	0.396719	0.312500
Del	 1	28417987	30535114	3.131148	0.223297	0.396719	0.312500
Del	 1	30794960	35013586	1.295837	0.123490	0.315683	0.265625
Del	 1	35468429	35528006	1.102815	0.111648	0.285244	0.234375
Del	 1	35537936	35716668	0.758580	0.087965	0.285244	0.234375
Del	 1	35726598	36004625	0.745079	0.086274	0.285244	0.234375
Del	 1	36014555	36856608	0.764430	0.087965	0.285244	0.234375
Del	 1	36866437	40361361	0.563510	0.072741	0.273356	0.218750
Del	 1	40366863	40407414	0.474839	0.067666	0.257952	0.171875
Del	 1	40417387	41634142	0.241719	0.047366	0.254194	0.187500
Del	 1	41644115	41713929	0.232628	0.045674	0.254194	0.187500
Del	 1	41723902	41953290	0.241719	0.047366	0.254194	0.187500
Del	 1	41963264	42302359	0.222054	0.043983	0.254194	0.187500
Del	 1	42312333	42392120	0.241719	0.047366	0.254194	0.187500
Del	 1	42402093	42501827	0.238378	0.045674	0.254194	0.187500
Del	 1	42511801	42631482	0.241719	0.047366	0.254194	0.187500
Del	 1	42641455	42811003	0.241719	0.045674	0.254194	0.187500
Del	 1	42820976	43808343	0.241719	0.047366	0.254194	0.187500
Del	 1	43818316	51554334	0.424372	0.064282	0.254194	0.187500
Del	 1	51564323	51893974	0.241719	0.047366	0.246014	0.203125
Del	 1	51903964	52183667	0.239640	0.045674	0.246014	0.203125
Del	 1	52193657	52733085	0.241719	0.047366	0.246014	0.203125
Del	 1	52743074	52803011	0.235569	0.045674	0.246014	0.203125
Del	 1	52813000	53801953	0.241719	0.047366	0.246014	0.203125
Del	 1	53811942	59255427	0.765083	0.087965	0.246014	0.203125
Del	 1	59265393	59375019	0.745757	0.086274	0.274557	0.234375
Del	 1	59384985	66246413	1.156685	0.116723	0.274557	0.234375
Del	 1	66256143	66363176	1.152170	0.115032	0.292800	0.265625
Del	 1	66372906	70821919	1.185647	0.116723	0.292800	0.265625
Del	 1	70831901	71301053	0.640060	0.077815	0.262140	0.250000
Del	 1	71311035	71400873	0.604287	0.076124	0.262140	0.250000
Del	 1	71410855	71550602	0.621169	0.077815	0.262140	0.250000
Del	 1	71560584	71850061	0.613263	0.076124	0.262140	0.250000
Del	 1	71860043	72249340	0.486060	0.069357	0.262140	0.250000
Del	 1	72259321	72309231	0.635897	0.077815	0.262140	0.250000
Del	 1	72319213	72748438	0.486060	0.069357	0.262140	0.250000
Del	 1	72758420	74645011	0.610944	0.076124	0.262140	0.250000
Del	 1	74654993	74674957	0.641896	0.077815	0.262140	0.250000
Del	 1	74684939	74934488	0.589072	0.076124	0.262140	0.250000
Del	 1	74944470	75014343	0.585315	0.074432	0.262140	0.250000
Del	 1	75024325	75233947	0.619509	0.077815	0.262140	0.250000
Del	 1	75243929	84320820	1.478754	0.137023	0.262140	0.250000
Del	 1	84330790	84590016	0.825374	0.093040	0.299169	0.250000
Del	 1	84599986	96258925	0.826960	0.094732	0.299169	0.250000
Del	 1	99589424	99780284	0.711786	0.082890	0.248486	0.203125
Del	 1	102237818	108238876	0.410693	0.062591	0.247037	0.203125
Del	 1	108248809	108517005	0.352552	0.059207	0.265563	0.218750
Del	 1	108526938	113914298	0.402334	0.062591	0.265563	0.218750
Del	 1	113924295	114224225	0.370253	0.059207	0.265563	0.218750
Del	 1	114234223	115383955	0.400448	0.062591	0.265563	0.218750
Del	 1	115393953	115543918	0.390521	0.060899	0.265563	0.218750
Del	 1	115553916	116333734	0.409416	0.062591	0.265563	0.218750
Del	 1	117273534	120199189	0.644061	0.079507	0.265563	0.218750
Del	 1	120458623	147282446	0.073335	0.021991	0.218408	0.156250
Del	 1	149785031	150551663	-0.000000	0.001692	0.000000	0.000000
Del	 1	150552561	155880500	0.112910	0.027066	0.000000	0.000000
Del	 1	155880673	158457334	0.262672	0.050749	0.816560	0.015625
Del	 1	158467304	162688895	0.489717	0.069357	0.517088	0.046875
Del	 1	162698390	165044038	0.330817	0.057516	0.591588	0.046875
Del	 1	169022903	169102728	0.176286	0.038908	0.581715	0.031250
Del	 1	169112706	169322245	0.163442	0.037216	0.581715	0.031250
Del	 1	169332224	171796810	0.174776	0.038908	0.581715	0.031250
Del	 1	171806788	172096152	0.157303	0.035524	0.581715	0.031250
Del	 1	172106130	172116109	0.176286	0.038908	0.581715	0.031250
Del	 1	172126087	172375539	0.157303	0.035524	0.581715	0.031250
Del	 1	172385517	175869554	0.174776	0.038908	0.581715	0.031250
Del	 1	175914298	175924290	0.162849	0.037216	0.581715	0.031250
Del	 1	175934281	175944273	0.176286	0.038908	0.581715	0.031250
Del	 1	175954265	176983410	0.162849	0.037216	0.581715	0.031250
Del	 1	176993402	177003394	0.176286	0.038908	0.581715	0.031250
Del	 1	177013385	177123294	0.162849	0.037216	0.581715	0.031250
Del	 1	177133286	178072506	0.166365	0.038908	0.581715	0.031250
Del	 1	178082498	178292324	0.162849	0.037216	0.581715	0.031250
Del	 1	178302315	180250698	0.166365	0.038908	0.581715	0.031250
Del	 1	180260689	180390581	0.165145	0.037216	0.581715	0.031250
Del	 1	180400573	180410565	0.176286	0.038908	0.581715	0.031250
Del	 1	180420557	180800241	0.165145	0.037216	0.581715	0.031250
Del	 1	180810233	183631038	0.176286	0.038908	0.581715	0.031250
Del	 1	183640984	183889633	0.162849	0.037216	0.581715	0.031250
Del	 1	183899579	184048769	0.166892	0.038908	0.581715	0.031250
Del	 1	184058715	185690276	0.219083	0.042291	0.581715	0.031250
Del	 1	185700257	186249209	0.172588	0.038908	0.421801	0.046875
Del	 1	186259190	186438847	0.216605	0.042291	0.421801	0.046875
Del	 1	186448828	186448828	0.175763	0.038908	0.421801	0.046875
Del	 1	186458808	193091396	0.217980	0.042291	0.421801	0.046875
Del	 1	193101275	193209945	0.016122	0.015225	0.224422	0.031250
Del	 1	193219824	202188641	0.054317	0.020300	0.224422	0.031250
Del	 1	204494686	206646614	-0.000000	0.008458	0.109918	0.015625
Del	 1	206653506	206667289	-0.000000	0.003383	0.109918	0.015625
Del	 1	206669462	209632563	-0.000000	0.008458	0.109918	0.015625
Del	 1	214977365	220301005	-0.000000	0.003383	0.126936	0.015625
Del	 1	220310994	226497441	-0.000000	0.001692	0.000000	0.000000
Del	 1	226507254	231955411	0.013916	0.015225	0.000000	0.000000
Del	 1	231965411	232185408	0.006032	0.013533	0.441863	0.015625
Del	 1	232195407	237191096	0.016122	0.015225	0.441863	0.015625
Del	 1	237201090	238000600	-0.000000	0.011841	0.441863	0.015625
Del	 1	238010594	239779508	0.012793	0.015225	0.441863	0.015625
Del	 1	239789502	240079324	0.003985	0.013533	0.441863	0.015625
Del	 1	240089318	240239226	0.016122	0.015225	0.441863	0.015625
Del	 1	240249220	240638981	-0.000000	0.013533	0.441863	0.015625
Del	 1	240648975	240928803	0.009874	0.015225	0.441863	0.015625
Del	 1	240938797	241278588	-0.000000	0.011841	0.441863	0.015625
Del	 1	241288582	241298576	0.016122	0.015225	0.441863	0.015625
Del	 1	241308570	241528435	-0.000000	0.011841	0.441863	0.015625
Del	 1	241538429	242238000	0.015267	0.015225	0.441863	0.015625
Del	 1	242247994	242697718	-0.000000	0.013533	0.441863	0.015625
Del	 1	242707711	243427270	0.014370	0.015225	0.441863	0.015625
Del	 1	243437264	243497227	0.005706	0.013533	0.441863	0.015625
Del	 1	243507221	243517215	0.016122	0.015225	0.441863	0.015625
Del	 1	243527209	243637141	0.005706	0.013533	0.441863	0.015625
Del	 1	243647135	245912916	0.147326	0.033833	0.441863	0.015625
Del	 1	245922883	246580731	0.022857	0.018608	0.581860	0.015625
Del	 1	246590699	246660471	0.022857	0.016916	0.581860	0.015625
Del	 1	246670438	246670438	0.055961	0.020300	0.581860	0.015625
Del	 2	4717089	8133929	0.143646	0.030450	0.237137	0.093750
Del	 2	8143920	8473615	0.120894	0.028758	0.237137	0.093750
Del	 2	8483606	25457219	0.142800	0.030450	0.237137	0.093750
Del	 2	25463597	25582551	0.051788	0.020300	0.119701	0.062500
Del	 2	25592466	28101541	-0.000000	0.001692	0.119701	0.062500
Del	 2	28111503	28529915	0.156975	0.033833	0.119701	0.062500
Del	 2	28539877	30133244	0.274747	0.054133	0.119701	0.062500
Del	 2	30143192	36562722	0.372585	0.059207	0.259622	0.125000
Del	 2	36572704	36592666	-0.000000	0.010150	0.161262	0.078125
Del	 2	36602648	36762349	-0.000000	0.008458	0.161262	0.078125
Del	 2	36772331	39881990	-0.000000	0.010150	0.161262	0.078125
Del	 2	39891953	48743825	-0.000000	0.001692	0.119701	0.062500
Del	 2	48753786	49172131	-0.000000	0.003383	0.119701	0.062500
Del	 2	49182091	54907353	-0.000000	0.001692	0.119701	0.062500
Del	 2	54917350	55207263	-0.000000	0.003383	0.119701	0.062500
Del	 2	55217260	58476282	-0.000000	0.001692	0.119701	0.062500
Del	 2	58486279	96919700	-0.000000	0.003383	0.119701	0.062500
Del	 2	96920653	136872961	-0.000000	0.001692	0.182924	0.093750
Del	 2	136877061	153173234	0.122166	0.028758	0.190698	0.109375
Del	 2	153183204	153492285	0.113151	0.027066	0.267890	0.125000
Del	 2	153502256	159560048	0.122166	0.028758	0.267890	0.125000
Del	 2	164133568	179373287	-0.000000	0.001692	0.190698	0.109375
Del	 2	179383264	183565135	-0.000000	0.003383	0.205307	0.125000
Del	 2	183575132	193062354	-0.000000	0.001692	0.174887	0.109375
Del	 2	193072351	205397521	-0.000000	0.008458	0.174887	0.109375
Del	 2	205407495	206494663	-0.000000	0.003383	0.183829	0.125000
Del	 2	206504637	207292585	-0.000000	0.008458	0.183829	0.125000
Del	 2	207302559	207492065	-0.000000	0.006767	0.183829	0.125000
Del	 2	207502039	208140377	-0.000000	0.008458	0.183829	0.125000
Del	 2	208150351	212248563	0.073335	0.021991	0.183829	0.125000
Del	 2	212258556	213777543	0.018566	0.016916	0.206659	0.125000
Del	 2	213787537	214187270	0.006032	0.013533	0.206659	0.125000
Del	 2	214197264	215256557	-0.000000	0.006767	0.206659	0.125000
Del	 2	215266551	218134638	-0.000000	0.013533	0.206659	0.125000
Del	 2	218144631	218624312	-0.000000	0.011841	0.206659	0.125000
Del	 2	218634305	223171280	-0.000000	0.013533	0.206659	0.125000
Del	 2	223181273	225274159	0.080137	0.023683	0.206659	0.125000
Del	 2	225283911	227690638	0.241719	0.047366	0.214756	0.140625
Del	 2	227700631	228180258	0.240847	0.045674	0.261220	0.156250
Del	 2	228190250	228829752	0.241719	0.047366	0.261220	0.156250
Del	 2	228839745	230208680	0.235569	0.045674	0.261220	0.156250
Del	 2	230218672	230588384	0.229316	0.043983	0.261220	0.156250
Del	 2	230598377	230768244	0.241719	0.045674	0.261220	0.156250
Del	 2	230778237	232047250	0.241719	0.047366	0.261220	0.156250
Del	 2	232057242	232217117	0.241719	0.045674	0.261220	0.156250
Del	 2	232227110	232806659	0.241719	0.047366	0.261220	0.156250
Del	 2	232816651	233026488	0.227363	0.043983	0.261220	0.156250
Del	 2	233036480	233046472	0.241719	0.047366	0.261220	0.156250
Del	 2	233056465	233206348	0.227363	0.043983	0.261220	0.156250
Del	 2	233216340	233556076	0.241719	0.047366	0.261220	0.156250
Del	 2	233566068	233616029	0.240847	0.045674	0.261220	0.156250
Del	 2	233626022	233646006	0.241719	0.047366	0.261220	0.156250
Del	 2	233655998	233715952	0.240847	0.045674	0.261220	0.156250
Del	 2	233725944	233905804	0.241719	0.047366	0.261220	0.156250
Del	 2	233915796	234125633	0.235569	0.045674	0.261220	0.156250
Del	 2	234135625	234515330	0.241719	0.047366	0.261220	0.156250
Del	 2	234525322	234525322	0.241719	0.045674	0.261220	0.156250
Del	 2	234535314	236383876	0.241719	0.047366	0.261220	0.156250
Del	 2	236393868	236763581	0.229316	0.043983	0.261220	0.156250
Del	 2	236773573	237043363	0.203188	0.042291	0.261220	0.156250
Del	 2	237053355	237213231	0.241719	0.047366	0.261220	0.156250
Del	 2	237223223	237423068	0.236942	0.045674	0.261220	0.156250
Del	 2	237433060	238522213	0.241719	0.047366	0.261220	0.156250
Del	 2	238532205	238582166	0.241719	0.045674	0.261220	0.156250
Del	 2	238592158	242800953	0.241719	0.047366	0.261220	0.156250
Del	 3	1449872	2129078	-0.000000	0.011841	0.311660	0.250000
Del	 3	2139066	2918155	-0.000000	0.006767	0.311660	0.250000
Del	 3	2928143	4516286	-0.000000	0.011841	0.311660	0.250000
Del	 3	4526274	4775982	-0.000000	0.010150	0.311660	0.250000
Del	 3	4785970	4795959	-0.000000	0.011841	0.311660	0.250000
Del	 3	4805947	4895842	-0.000000	0.010150	0.311660	0.250000
Del	 3	4905830	6883517	-0.000000	0.011841	0.311660	0.250000
Del	 3	6893506	7792454	-0.000000	0.006767	0.311660	0.250000
Del	 3	7802443	8531590	-0.000000	0.010150	0.311660	0.250000
Del	 3	8541578	9031006	-0.000000	0.011841	0.311660	0.250000
Del	 3	9040994	23226448	0.099054	0.025375	0.311660	0.250000
Del	 3	23236418	25569565	-0.000000	0.001692	0.322116	0.250000
Del	 3	26806108	29047673	0.299165	0.055824	0.322116	0.250000
Del	 3	29250696	32670357	1.380666	0.130256	0.350227	0.375000
Del	 3	33432307	34786456	0.456634	0.065974	0.349320	0.250000
Del	 3	36109775	37478105	0.127896	0.028758	0.384628	0.265625
Del	 3	37488093	37867630	0.108463	0.027066	0.384628	0.265625
Del	 3	37877618	39835229	0.117026	0.028758	0.384628	0.265625
Del	 3	39845217	40194790	0.100775	0.027066	0.384628	0.265625
Del	 3	40204778	41273474	0.114963	0.028758	0.384628	0.265625
Del	 3	41283462	41433279	0.267314	0.050749	0.384628	0.265625
Del	 3	41443267	41443267	0.274747	0.052441	0.384628	0.265625
Del	 3	43177020	47195598	0.892616	0.098115	0.403948	0.281250
Del	 3	47205379	52443597	0.934269	0.099807	0.398606	0.312500
Del	 3	52443876	52702901	0.945378	0.103190	0.418279	0.328125
Del	 3	52712881	52932441	0.976095	0.104882	0.405955	0.343750
Del	 3	52942421	53082140	0.956965	0.103190	0.405955	0.343750
Del	 3	53092120	53511280	0.966790	0.104882	0.405955	0.343750
Del	 3	53521260	53830639	0.934269	0.101498	0.405955	0.343750
Del	 3	53840619	54140019	0.970111	0.104882	0.405955	0.343750
Del	 3	54149999	54648998	0.823330	0.093040	0.405955	0.343750
Del	 3	54658978	54678938	0.976095	0.104882	0.405955	0.343750
Del	 3	54688918	54938418	0.823330	0.093040	0.405955	0.343750
Del	 3	54948398	54968358	0.976095	0.104882	0.405955	0.343750
Del	 3	54978338	55118058	0.823330	0.093040	0.405955	0.343750
Del	 3	55128038	59789176	0.978328	0.104882	0.405955	0.343750
Del	 3	59799171	61528357	0.764517	0.087965	0.386017	0.328125
Del	 3	61538352	62098088	0.509112	0.071049	0.386017	0.328125
Del	 3	62108084	62118079	0.644061	0.077815	0.386017	0.328125
Del	 3	62128074	62228027	0.509112	0.071049	0.386017	0.328125
Del	 3	62238022	62367961	0.631067	0.077815	0.386017	0.328125
Del	 3	62377956	62867726	0.555791	0.072741	0.386017	0.328125
Del	 3	62877721	63117608	0.640060	0.077815	0.386017	0.328125
Del	 3	63127603	63417467	0.675292	0.081199	0.386017	0.328125
Del	 3	63427462	63587387	0.703144	0.082890	0.386017	0.328125
Del	 3	63597382	69788801	0.745079	0.084582	0.386017	0.328125
Del	 3	69798601	70004399	0.685612	0.082890	0.390717	0.328125
Del	 3	70014199	71189414	0.959393	0.103190	0.390717	0.328125
Del	 3	71199085	71247443	0.934269	0.101498	0.404796	0.328125
Del	 3	72323171	72799711	1.105020	0.113340	0.406695	0.312500
Del	 3	72809555	75155242	0.934269	0.103190	0.430941	0.312500
Del	 3	75164859	88015720	0.644061	0.077815	0.402239	0.296875
Del	 3	88025685	89451570	0.099804	0.025375	0.361202	0.203125
Del	 3	89461182	89521063	0.082434	0.023683	0.363827	0.187500
Del	 3	89528600	94429172	0.100264	0.025375	0.363827	0.187500
Del	 3	95454468	128205760	-0.000000	0.001692	0.252711	0.125000
Del	 3	134069661	138374300	0.934269	0.101498	0.185329	0.078125
Del	 3	138383428	138429069	0.672813	0.081199	0.146614	0.078125
Del	 3	138438197	138662061	0.657114	0.079507	0.146614	0.078125
Del	 3	138666561	182885040	-0.000000	0.001692	0.179185	0.078125
Del	 3	182895033	183154833	-0.000000	0.003383	0.179185	0.078125
Del	 3	183164825	184973436	-0.000000	0.001692	0.179185	0.078125
Del	 3	184983428	185198169	-0.000000	0.011841	0.179185	0.078125
Del	 3	185200194	187873980	0.126010	0.028758	0.179185	0.078125
Del	 3	187883979	187883979	0.113151	0.027066	0.254475	0.109375
Del	 3	187893977	187903976	0.127896	0.028758	0.254475	0.109375
Del	 3	187913974	187913974	0.113151	0.027066	0.254475	0.109375
Del	 3	187923972	190212706	0.113795	0.028758	0.254475	0.109375
Del	 3	190222695	194238390	-0.000000	0.003383	0.181633	0.093750
Del	 4	1402650	1902680	0.157303	0.033833	0.279319	0.250000
Del	 4	1910681	6203518	-0.000000	0.010150	0.255856	0.265625
Del	 4	6213513	6303472	-0.000000	0.001692	0.253708	0.250000
Del	 4	6313467	6573348	-0.000000	0.003383	0.253708	0.250000
Del	 4	6583343	37864678	-0.000000	0.001692	0.253708	0.250000
Del	 4	37874675	38594422	-0.000000	0.003383	0.285344	0.250000
Del	 4	38604419	41273482	-0.000000	0.001692	0.285344	0.250000
Del	 4	41283479	55594663	0.216605	0.042291	0.285344	0.250000
Del	 4	55604659	66171189	0.443996	0.065974	0.321524	0.265625
Del	 4	66181129	66517853	0.402373	0.062591	0.304540	0.312500
Del	 4	66527761	67191539	0.452453	0.065974	0.304540	0.312500
Del	 4	67840314	75662515	0.143646	0.030450	0.272883	0.296875
Del	 4	78271620	95662216	0.127896	0.028758	0.263584	0.281250
Del	 4	95672201	96471031	0.105519	0.027066	0.288174	0.250000
Del	 4	96481016	98468104	0.127896	0.028758	0.288174	0.250000
Del	 4	98478089	99067226	0.098058	0.025375	0.288174	0.250000
Del	 4	99077211	106049428	0.113795	0.028758	0.288174	0.250000
Del	 4	106059425	109718135	0.027565	0.018608	0.268601	0.296875
Del	 4	109728131	110227955	0.018304	0.016916	0.268601	0.296875
Del	 4	110237951	113726721	0.031934	0.018608	0.268601	0.296875
Del	 4	113736717	113956640	0.016122	0.016916	0.268601	0.296875
Del	 4	113966636	114906305	0.022857	0.018608	0.268601	0.296875
Del	 4	114916301	118940292	0.162849	0.035524	0.268601	0.296875
Del	 4	118950289	119180225	0.015883	0.015225	0.267202	0.296875
Del	 4	119190222	121599555	0.022857	0.016916	0.267202	0.296875
Del	 4	121609552	121849485	0.015622	0.015225	0.267202	0.296875
Del	 4	121859483	123848931	0.021721	0.016916	0.267202	0.296875
Del	 4	123858929	124248820	0.007064	0.015225	0.267202	0.296875
Del	 4	124258818	124558735	0.022857	0.016916	0.267202	0.296875
Del	 4	124568732	124678701	0.013372	0.015225	0.267202	0.296875
Del	 4	124688699	124788671	0.019266	0.016916	0.267202	0.296875
Del	 4	124798668	124858651	0.013372	0.015225	0.267202	0.296875
Del	 4	124868649	129797283	0.021591	0.016916	0.267202	0.296875
Del	 4	129807280	129997227	0.016122	0.015225	0.267202	0.296875
Del	 4	130007225	142547357	0.022720	0.016916	0.267202	0.296875
Del	 4	142557336	145066681	-0.000000	0.001692	0.256244	0.265625
Del	 4	145076638	156666932	0.745757	0.087965	0.256244	0.265625
Del	 4	156676917	173704182	0.633479	0.077815	0.316541	0.343750
Del	 4	173714175	174073916	0.590374	0.076124	0.295693	0.296875
Del	 4	174083908	174173844	0.250303	0.049058	0.295693	0.296875
Del	 4	174183836	174193829	0.269743	0.050749	0.295693	0.296875
Del	 4	174203822	174233800	0.250303	0.049058	0.295693	0.296875
Del	 4	174243793	175552850	0.268697	0.050749	0.295693	0.296875
Del	 4	175562843	175752706	0.247980	0.049058	0.295693	0.296875
Del	 4	175762699	176542138	0.261117	0.050749	0.295693	0.296875
Del	 4	176552130	176741994	0.247980	0.049058	0.295693	0.296875
Del	 4	176751986	176931857	0.241719	0.047366	0.295693	0.296875
Del	 4	176941850	178630633	0.251243	0.050749	0.295693	0.296875
Del	 4	178640626	178920424	0.241719	0.049058	0.295693	0.296875
Del	 4	178930417	183227322	0.254436	0.050749	0.295693	0.296875
Del	 4	183237314	183726962	0.241719	0.045674	0.295693	0.296875
Del	 4	183736954	183806904	0.269743	0.050749	0.295693	0.296875
Del	 4	184234587	188208139	0.456634	0.065974	0.295693	0.296875
Del	 4	188218112	188427535	0.424372	0.064282	0.316951	0.296875
Del	 4	188437508	190262486	0.456634	0.065974	0.316951	0.296875
Del	 5	218502	1295241	0.022857	0.016916	0.400250	0.093750
Del	 5	2979710	43714228	-0.000000	0.001692	0.479854	0.062500
Del	 5	43724218	57775532	0.855067	0.094732	0.361297	0.109375
Del	 5	57785472	57864992	0.589072	0.074432	0.418788	0.203125
Del	 5	57874932	58153252	0.538241	0.072741	0.418788	0.203125
Del	 5	58163192	59008093	0.698704	0.082890	0.418788	0.203125
Del	 5	59018033	68390284	0.793658	0.091349	0.418788	0.203125
Del	 5	68400264	68450164	0.533751	0.071049	0.338814	0.234375
Del	 5	68460145	79931112	0.031699	0.018608	0.338814	0.234375
Del	 5	79941099	80161835	0.795054	0.093040	0.326481	0.203125
Del	 5	80171626	86564538	0.855067	0.094732	0.326481	0.203125
Del	 5	86564869	88365778	0.811722	0.093040	0.366354	0.250000
Del	 5	96383752	96383752	0.787806	0.089657	0.374878	0.203125
Del	 5	97303834	98093832	0.429484	0.064282	0.327634	0.187500
Del	 5	98103832	106693808	0.022857	0.016916	0.327634	0.187500
Del	 5	106703808	107183807	0.012402	0.015225	0.327634	0.187500
Del	 5	107193807	107723805	0.004078	0.013533	0.327634	0.187500
Del	 5	107733805	108523803	0.006032	0.015225	0.327634	0.187500
Del	 5	108533803	109743800	0.019888	0.016916	0.327634	0.187500
Del	 5	109753800	109833800	0.012402	0.015225	0.327634	0.187500
Del	 5	109843800	109853799	0.022857	0.016916	0.327634	0.187500
Del	 5	109863799	110063799	0.012402	0.015225	0.327634	0.187500
Del	 5	110073799	110543798	0.022720	0.016916	0.327634	0.187500
Del	 5	110553798	110823797	0.014370	0.015225	0.327634	0.187500
Del	 5	110833797	110853797	0.022857	0.016916	0.327634	0.187500
Del	 5	110863797	111053796	0.015622	0.015225	0.327634	0.187500
Del	 5	111063796	111103796	0.022720	0.016916	0.327634	0.187500
Del	 5	111113796	111313795	0.015175	0.015225	0.327634	0.187500
Del	 5	111323795	111503795	0.022857	0.016916	0.327634	0.187500
Del	 5	111513795	111743794	0.014370	0.015225	0.327634	0.187500
Del	 5	111753794	112203793	0.022857	0.016916	0.327634	0.187500
Del	 5	112213793	116735117	0.268697	0.050749	0.327634	0.187500
Del	 5	116745114	116925042	0.146987	0.032141	0.337754	0.187500
Del	 5	116935038	118394461	0.147326	0.033833	0.337754	0.187500
Del	 5	118404457	118594382	0.146681	0.032141	0.337754	0.187500
Del	 5	118604378	119783912	0.147326	0.033833	0.337754	0.187500
Del	 5	119793908	120023817	0.143646	0.032141	0.337754	0.187500
Del	 5	120033813	122172967	0.157303	0.033833	0.337754	0.187500
Del	 5	122182963	122342899	0.146987	0.032141	0.337754	0.187500
Del	 5	122352895	126191377	0.156797	0.033833	0.337754	0.187500
Del	 5	126201373	126361310	0.147326	0.032141	0.337754	0.187500
Del	 5	126371306	126611211	0.155245	0.033833	0.337754	0.187500
Del	 5	126621207	126801136	0.146987	0.032141	0.337754	0.187500
Del	 5	126811132	127575825	0.157303	0.033833	0.337754	0.187500
Del	 5	127585818	127875634	0.143646	0.032141	0.337754	0.187500
Del	 5	127885628	128785056	0.151358	0.033833	0.337754	0.187500
Del	 5	128795050	129524586	0.143646	0.032141	0.337754	0.187500
Del	 5	129534580	130743811	0.157303	0.033833	0.337754	0.187500
Del	 5	130753805	130963672	0.143646	0.032141	0.337754	0.187500
Del	 5	130973665	133928339	0.147326	0.033833	0.337754	0.187500
Del	 5	133938320	149413737	-0.000000	0.001692	0.314206	0.171875
Del	 5	149423723	150259720	0.231185	0.045674	0.325151	0.140625
Del	 5	150269693	161582861	-0.000000	0.001692	0.328489	0.140625
Del	 5	161592859	172553835	-0.000000	0.010150	0.345363	0.125000
Del	 5	172563801	176562568	0.156797	0.033833	0.338261	0.140625
Del	 5	176572150	176729046	0.146681	0.032141	0.383935	0.140625
Del	 5	176739034	177667965	0.086170	0.023683	0.361274	0.156250
Del	 5	177677953	178017562	0.064058	0.021991	0.361274	0.156250
Del	 5	178027551	178526976	0.085186	0.023683	0.361274	0.156250
Del	 5	178536964	178566930	0.073335	0.021991	0.361274	0.156250
Del	 5	178576918	180076517	0.073335	0.023683	0.361274	0.156250
Del	 6	393261	17597596	-0.000000	0.003383	0.158545	0.343750
Del	 6	17607594	20214432	0.022720	0.016916	0.158545	0.343750
Del	 6	20224339	25260623	0.212313	0.042291	0.165365	0.359375
Del	 6	25270510	25596791	0.176286	0.040599	0.186453	0.343750
Del	 6	25606678	26029951	0.852463	0.094732	0.186453	0.343750
Del	 6	26038978	26206711	0.793658	0.091349	0.227288	0.421875
Del	 6	26216150	26260611	1.134187	0.113340	0.227288	0.421875
Del	 6	26270594	27778057	0.934269	0.101498	0.237918	0.421875
Del	 6	27839888	29230683	1.099257	0.111648	0.225260	0.421875
Del	 6	29910367	31053257	0.826370	0.093040	0.234985	0.390625
Del	 6	31358943	31358943	0.538241	0.071049	0.222514	0.343750
Del	 6	31939884	32144953	0.316033	0.055824	0.222514	0.343750
Del	 6	32154865	32887018	0.765083	0.089657	0.222514	0.343750
Del	 6	32896863	33280820	0.371347	0.059207	0.217644	0.359375
Del	 6	33290665	37772637	0.479037	0.067666	0.217644	0.359375
Del	 6	37782611	38570496	0.425288	0.064282	0.223747	0.390625
Del	 6	38580469	38610389	0.409261	0.062591	0.223747	0.390625
Del	 6	38620362	38680202	0.474839	0.067666	0.223747	0.390625
Del	 6	38690175	38859720	0.429484	0.064282	0.223747	0.390625
Del	 6	38869693	38929532	0.470876	0.067666	0.223747	0.390625
Del	 6	38939506	38999345	0.429484	0.064282	0.223747	0.390625
Del	 6	39009318	40588295	0.472855	0.067666	0.223747	0.390625
Del	 6	41311892	41450394	0.241719	0.045674	0.188046	0.375000
Del	 6	41460287	41908714	0.031934	0.018608	0.188046	0.375000
Del	 6	41909289	45854822	0.150690	0.033833	0.189443	0.343750
Del	 6	45864780	46302951	0.083719	0.023683	0.223124	0.312500
Del	 6	46312909	46462286	0.070789	0.021991	0.223124	0.312500
Del	 6	46472244	46900457	0.078333	0.023683	0.223124	0.312500
Del	 6	46910415	64286838	0.175189	0.038908	0.223124	0.312500
Del	 6	64290021	65096797	0.561402	0.072741	0.273456	0.359375
Del	 6	68164958	72578532	1.531764	0.138715	0.332413	0.437500
Del	 6	72588508	72907744	1.384106	0.131948	0.363608	0.468750
Del	 6	72917720	73057385	1.478754	0.137023	0.363608	0.468750
Del	 6	73067362	73316764	1.516239	0.138715	0.363608	0.468750
Del	 6	73326740	73665928	1.368783	0.130256	0.363608	0.468750
Del	 6	73675904	73685880	1.531764	0.138715	0.363608	0.468750
Del	 6	73695856	73915331	1.368783	0.130256	0.363608	0.468750
Del	 6	73925307	74394184	1.531764	0.138715	0.363608	0.468750
Del	 6	74404160	75920529	1.482537	0.137023	0.363608	0.468750
Del	 6	75930505	76010314	1.527741	0.138715	0.363608	0.468750
Del	 6	76020290	76429310	1.478754	0.137023	0.363608	0.468750
Del	 6	76439286	76588928	1.886831	0.157323	0.363608	0.468750
Del	 6	76598904	89787161	2.136201	0.167472	0.363608	0.468750
Del	 6	89797136	90126296	0.765083	0.087965	0.348606	0.468750
Del	 6	90136271	90255966	0.745079	0.086274	0.348606	0.468750
Del	 6	90265940	90355711	0.751469	0.087965	0.348606	0.468750
Del	 6	90365686	90525279	0.745079	0.086274	0.348606	0.468750
Del	 6	90535253	90625024	0.758580	0.087965	0.348606	0.468750
Del	 6	90634999	91004058	0.719848	0.084582	0.348606	0.468750
Del	 6	91014032	92240904	0.765083	0.087965	0.348606	0.468750
Del	 6	92250878	94132957	0.991975	0.106573	0.348606	0.468750
Del	 6	94142944	96449815	1.013378	0.108265	0.372246	0.453125
Del	 6	96459802	96669517	0.985662	0.106573	0.372246	0.453125
Del	 6	96679504	97358583	1.026891	0.108265	0.372246	0.453125
Del	 6	97368569	97738068	0.979378	0.106573	0.372246	0.453125
Del	 6	97748054	97867892	0.962022	0.104882	0.372246	0.453125
Del	 6	97877878	100308718	1.037183	0.108265	0.372246	0.453125
Del	 6	100315027	100315027	0.657114	0.079507	0.354264	0.437500
Del	 6	106051738	106553254	2.141443	0.169164	0.354264	0.437500
Del	 6	106555074	109338897	3.048688	0.216530	0.412378	0.421875
Del	 6	109348427	109405607	2.990902	0.214838	0.439749	0.406250
Del	 6	109415137	111983046	3.077081	0.216530	0.439749	0.406250
Del	 6	111989407	116470561	3.030625	0.214838	0.426291	0.406250
Del	 6	117609810	117609810	1.376694	0.130256	0.382975	0.390625
Del	 6	117619800	117789636	0.317726	0.057516	0.382975	0.390625
Del	 6	117799627	118209231	0.256028	0.050749	0.382975	0.390625
Del	 6	118219222	118648807	0.241719	0.047366	0.382975	0.390625
Del	 6	118658797	118808652	0.246574	0.049058	0.382975	0.390625
Del	 6	118818643	118828633	0.269743	0.050749	0.382975	0.390625
Del	 6	118838623	118858604	0.250303	0.049058	0.382975	0.390625
Del	 6	118868595	118888575	0.268697	0.050749	0.382975	0.390625
Del	 6	118898566	119038431	0.250303	0.049058	0.382975	0.390625
Del	 6	119048421	119098373	0.269743	0.050749	0.382975	0.390625
Del	 6	119108363	121390590	0.502960	0.069357	0.382975	0.390625
Del	 6	121400544	121659335	0.458154	0.067666	0.390241	0.406250
Del	 6	121669289	122329267	0.498552	0.069357	0.390241	0.406250
Del	 6	122329970	125258137	0.196801	0.040599	0.367204	0.375000
Del	 6	134758313	138192512	0.241719	0.045674	0.364962	0.359375
Del	 6	138202314	148266753	0.561402	0.072741	0.351668	0.359375
Del	 6	149983120	150013097	0.316033	0.055824	0.354701	0.359375
Del	 6	150023089	153023184	0.813591	0.093040	0.354701	0.359375
Del	 6	153033171	154441296	0.557026	0.072741	0.348164	0.359375
Del	 6	154451282	154680976	0.522094	0.071049	0.348164	0.359375
Del	 6	154690963	155400019	0.539098	0.072741	0.348164	0.359375
Del	 6	155410006	155519859	0.532831	0.071049	0.348164	0.359375
Del	 6	155529846	155639700	0.554891	0.072741	0.348164	0.359375
Del	 6	155649686	157109773	0.787806	0.089657	0.348164	0.359375
Del	 6	157119711	157537105	0.735877	0.084582	0.355204	0.375000
Del	 6	157547043	157785554	0.780361	0.089657	0.355204	0.375000
Del	 6	157795492	157934623	0.745079	0.086274	0.355204	0.375000
Del	 6	157944561	157954499	0.787806	0.089657	0.355204	0.375000
Del	 6	157964437	158103568	0.745079	0.086274	0.355204	0.375000
Del	 6	158113506	158371893	0.765083	0.087965	0.355204	0.375000
Del	 6	158381831	161771187	1.944589	0.159014	0.355204	0.375000
Del	 6	161781126	162854485	1.605336	0.142098	0.374016	0.421875
Del	 6	162864424	163736820	1.872176	0.155631	0.374016	0.421875
Del	 6	163746810	163836722	1.605336	0.142098	0.356470	0.421875
Del	 6	163846712	164006556	1.540560	0.140406	0.356470	0.421875
Del	 6	164016546	165724873	1.598691	0.142098	0.356470	0.421875
Del	 6	165734863	166084521	1.482656	0.137023	0.356470	0.421875
Del	 6	166094511	168230146	1.585997	0.142098	0.356470	0.421875
Del	 6	168240141	168360083	1.552296	0.140406	0.356470	0.421875
Del	 6	168370078	168829853	1.607213	0.142098	0.356470	0.421875
Del	 6	168839848	169069736	1.524830	0.138715	0.356470	0.421875
Del	 6	169079731	169839360	1.594278	0.142098	0.356470	0.421875
Del	 6	169849355	170089238	1.514510	0.138715	0.356470	0.421875
Del	 6	170099233	170608984	1.607213	0.142098	0.356470	0.421875
Del	 6	170618979	170628974	1.568960	0.140406	0.356470	0.421875
Del	 6	170638969	170648964	1.607213	0.142098	0.356470	0.421875
Del	 6	170658959	170718930	1.568960	0.140406	0.356470	0.421875
Del	 6	170728925	170798891	1.607213	0.142098	0.356470	0.421875
Del	 7	1672540	1791094	0.157303	0.033833	0.265780	0.187500
Del	 7	1800973	2156635	0.609768	0.076124	0.265780	0.187500
Del	 7	2166514	3372249	0.657114	0.079507	0.265780	0.187500
Del	 7	3382223	4708767	0.458154	0.065974	0.317946	0.171875
Del	 7	4718741	6414384	0.162849	0.037216	0.317946	0.171875
Del	 7	6423593	24164624	-0.000000	0.001692	0.291139	0.125000
Del	 7	32894503	45127282	0.073335	0.021991	0.263336	0.093750
Del	 7	46780614	46780614	3.290319	0.231755	0.330602	0.109375
Del	 7	47802508	50739455	3.746329	0.253746	0.340020	0.140625
Del	 7	52528988	52528988	3.290319	0.231755	0.314611	0.125000
Del	 7	53722880	56749207	0.206505	0.042291	0.295936	0.109375
Del	 7	64721546	69051652	0.157303	0.033833	0.270553	0.078125
Del	 7	69061641	69760805	0.012793	0.015225	0.285144	0.078125
Del	 7	69770793	70260208	-0.000000	0.013533	0.285144	0.078125
Del	 7	70270196	70849503	0.022857	0.018608	0.285144	0.078125
Del	 7	70859491	70859491	0.248947	0.049058	0.285144	0.078125
Del	 7	71297516	79062636	0.269743	0.052441	0.284666	0.093750
Del	 7	79072633	80352246	0.387050	0.060899	0.357195	0.125000
Del	 7	80362243	80552186	0.365911	0.059207	0.357195	0.125000
Del	 7	80562183	83572114	0.373039	0.060899	0.357195	0.125000
Del	 7	83582094	84759777	0.354699	0.059207	0.358631	0.156250
Del	 7	84769757	86604605	0.391039	0.060899	0.358631	0.156250
Del	 7	86614595	86764441	0.372585	0.059207	0.342420	0.140625
Del	 7	86774430	87114080	0.226532	0.043983	0.342420	0.140625
Del	 7	87124070	87453730	0.212668	0.042291	0.342420	0.140625
Del	 7	87463720	87543638	0.227813	0.043983	0.342420	0.140625
Del	 7	87553627	87823349	0.207200	0.042291	0.342420	0.140625
Del	 7	87833339	88372783	0.231061	0.043983	0.342420	0.140625
Del	 7	88382773	88412742	0.176286	0.038908	0.342420	0.140625
Del	 7	88422732	88432722	0.231185	0.043983	0.342420	0.140625
Del	 7	88442711	88972166	0.176286	0.038908	0.342420	0.140625
Del	 7	88982155	90320776	0.231061	0.043983	0.342420	0.140625
Del	 7	90330766	90840241	0.178111	0.040599	0.342420	0.140625
Del	 7	90850231	92244527	0.231185	0.043983	0.342420	0.140625
Del	 7	92254436	97346794	0.209980	0.042291	0.318817	0.125000
Del	 7	97356782	97626466	0.112910	0.027066	0.318817	0.125000
Del	 7	97636455	97816244	0.157303	0.035524	0.318817	0.125000
Del	 7	97826232	103754951	0.241719	0.045674	0.318817	0.125000
Del	 7	103764934	103954597	0.169270	0.038908	0.317716	0.156250
Del	 7	103964579	104423763	0.157303	0.035524	0.317716	0.156250
Del	 7	104433745	104453709	0.175763	0.038908	0.317716	0.156250
Del	 7	104463692	104523585	0.157303	0.035524	0.317716	0.156250
Del	 7	104533568	104912893	0.174776	0.038908	0.317716	0.156250
Del	 7	104922876	105032680	0.162849	0.037216	0.317716	0.156250
Del	 7	105042663	105322166	0.170564	0.038908	0.317716	0.156250
Del	 7	105332148	105382060	0.162849	0.037216	0.317716	0.156250
Del	 7	105392042	107730749	0.166365	0.038908	0.317716	0.156250
Del	 7	107740747	107780741	0.082829	0.023683	0.308388	0.125000
Del	 7	107790739	107880725	0.011667	0.015225	0.308388	0.125000
Del	 7	107890723	108100689	0.002575	0.013533	0.308388	0.125000
Del	 7	108110688	110290337	0.013916	0.015225	0.308388	0.125000
Del	 7	110300335	110720267	-0.000000	0.010150	0.308388	0.125000
Del	 7	110730266	110770259	0.014843	0.015225	0.308388	0.125000
Del	 7	110780258	111210188	-0.000000	0.010150	0.308388	0.125000
Del	 7	111220187	111810092	-0.000000	0.013533	0.308388	0.125000
Del	 7	111820090	116489566	0.016122	0.015225	0.308388	0.125000
Del	 7	116499554	123681255	-0.000000	0.001692	0.289502	0.109375
Del	 7	123691243	140434484	0.227813	0.043983	0.289502	0.109375
Del	 7	140444247	140626652	0.216684	0.042291	0.336003	0.125000
Del	 7	140636642	140756524	0.231061	0.043983	0.336003	0.125000
Del	 7	140766514	141186101	0.190270	0.040599	0.336003	0.125000
Del	 7	141196091	144133196	0.219310	0.043983	0.336003	0.125000
Del	 7	144143186	144542792	0.192981	0.040599	0.336003	0.125000
Del	 7	144552782	151331275	0.672813	0.081199	0.336003	0.125000
Del	 7	151341218	151420766	0.647650	0.079507	0.345512	0.171875
Del	 7	151430709	151833963	0.684897	0.081199	0.345512	0.171875
Del	 7	151843670	152118756	0.637044	0.077815	0.345512	0.171875
Del	 7	152128540	153622382	0.683892	0.081199	0.345512	0.171875
Del	 7	153632379	153992273	0.510647	0.071049	0.345512	0.171875
Del	 7	154002271	154692068	0.572927	0.074432	0.345512	0.171875
Del	 7	154702065	155421854	0.681999	0.081199	0.345512	0.171875
Del	 7	155431851	155581807	0.657080	0.079507	0.345512	0.171875
Del	 7	155591804	156471546	0.683892	0.081199	0.345512	0.171875
Del	 7	156481543	156691481	0.644061	0.079507	0.345512	0.171875
Del	 7	156701478	156921414	0.681999	0.081199	0.345512	0.171875
Del	 7	156931411	157071370	0.657114	0.079507	0.345512	0.171875
Del	 7	157081367	157321297	0.675076	0.081199	0.345512	0.171875
Del	 7	157331294	157351288	0.516160	0.071049	0.345512	0.171875
Del	 7	157361285	157371282	0.684897	0.081199	0.345512	0.171875
Del	 7	157381279	157631206	0.516160	0.071049	0.345512	0.171875
Del	 7	157641203	157661197	0.683892	0.081199	0.345512	0.171875
Del	 7	157671194	158311006	0.516160	0.071049	0.345512	0.171875
Del	 7	158321003	158331000	0.684897	0.081199	0.345512	0.171875
Del	 7	158340997	158380986	0.516160	0.071049	0.345512	0.171875
Del	 7	158390983	158450965	0.681999	0.081199	0.345512	0.171875
Del	 8	565232	1431782	2.505719	0.187772	0.476697	0.515625
Del	 8	1441743	1660870	2.387685	0.184389	0.476697	0.515625
Del	 8	1670831	1770434	2.494123	0.187772	0.476697	0.515625
Del	 8	1780395	1909879	2.432050	0.186080	0.476697	0.515625
Del	 8	1919840	1979602	2.488351	0.187772	0.476697	0.515625
Del	 8	1989562	2378016	2.446637	0.186080	0.476697	0.515625
Del	 8	2387976	4860671	1.982176	0.162398	0.476697	0.515625
Del	 8	4870636	6710357	2.505719	0.187772	0.468756	0.531250
Del	 8	10470915	10520738	1.156685	0.115032	0.427620	0.484375
Del	 8	10530702	10739957	0.429484	0.064282	0.427620	0.484375
Del	 8	10749922	10879461	0.385055	0.060899	0.427620	0.484375
Del	 8	10889425	10899390	0.429484	0.064282	0.427620	0.484375
Del	 8	10909354	11068787	0.385055	0.060899	0.427620	0.484375
Del	 8	11078751	12416426	0.422327	0.064282	0.427620	0.484375
Del	 8	12426417	12426417	0.410693	0.062591	0.427754	0.500000
Del	 8	12436407	16834049	0.429484	0.064282	0.427754	0.500000
Del	 8	16844045	23431500	-0.000000	0.001692	0.412434	0.515625
Del	 8	23441496	30349914	0.100264	0.025375	0.412434	0.515625
Del	 8	31397748	31397748	0.250303	0.049058	0.369155	0.437500
Del	 8	36092421	38736089	0.269743	0.052441	0.357805	0.421875
Del	 8	38858431	54119919	0.166365	0.037216	0.321627	0.203125
Del	 8	54129856	55372087	-0.000000	0.008458	0.299910	0.093750
Del	 8	55375061	65193137	0.099804	0.025375	0.299910	0.093750
Del	 8	66183866	66183866	0.022857	0.016916	0.241752	0.062500
Del	 8	66631972	109735830	-0.000000	0.001692	0.241752	0.062500
Del	 8	111298543	121126172	0.086170	0.023683	0.142886	0.031250
Del	 8	121136118	121384767	0.073038	0.021991	0.334471	0.046875
Del	 8	121394713	128755161	0.082829	0.023683	0.334471	0.046875
Del	 8	131098162	131907776	0.187841	0.040599	0.277923	0.062500
Del	 8	132408509	141840881	0.273372	0.052441	0.325392	0.078125
Del	 8	141850808	142019563	0.146681	0.032141	0.277319	0.078125
Del	 8	142029490	145743127	0.157303	0.033833	0.277319	0.078125
Del	 9	421980	3243642	-0.000000	0.001692	0.373482	0.375000
Del	 9	3253613	6701902	0.127578	0.028758	0.373482	0.375000
Del	 9	6711896	7181628	0.109449	0.027066	0.408031	0.406250
Del	 9	7191623	8300990	0.127896	0.028758	0.408031	0.406250
Del	 9	8310984	8740740	0.103727	0.027066	0.408031	0.406250
Del	 9	8750734	10619668	0.022720	0.016916	0.408031	0.406250
Del	 9	10629663	13910879	0.745079	0.084582	0.408031	0.406250
Del	 9	13920861	14070592	0.313845	0.055824	0.418205	0.406250
Del	 9	14080574	14400001	0.280278	0.054133	0.418205	0.406250
Del	 9	14409983	14789303	0.304325	0.055824	0.418205	0.406250
Del	 9	14799285	14919070	0.288601	0.054133	0.418205	0.406250
Del	 9	14929052	15537960	0.312165	0.055824	0.418205	0.406250
Del	 9	15547942	15977172	0.269743	0.052441	0.418205	0.406250
Del	 9	15987154	19492802	0.316033	0.055824	0.418205	0.406250
Del	 9	19502755	20398528	0.274747	0.054133	0.418205	0.406250
Del	 9	20408481	20418434	0.316033	0.055824	0.418205	0.406250
Del	 9	20428387	20488105	0.274747	0.054133	0.418205	0.406250
Del	 9	20498058	20508011	0.316033	0.055824	0.418205	0.406250
Del	 9	20517964	20627447	0.274747	0.054133	0.418205	0.406250
Del	 9	20637401	20776743	1.610407	0.143789	0.418205	0.406250
Del	 9	20781979	27109615	1.631806	0.145481	0.426892	0.421875
Del	 9	27157985	27936991	1.622977	0.143789	0.381499	0.375000
Del	 9	27946984	35118248	-0.000000	0.003383	0.352242	0.359375
Del	 9	35128237	35198156	1.248465	0.121798	0.327929	0.359375
Del	 9	35208145	75047061	2.072803	0.165781	0.327929	0.359375
Del	 9	75156057	77092387	0.240604	0.045674	0.248320	0.250000
Del	 9	77102370	78489908	-0.000000	0.013533	0.248320	0.250000
Del	 9	78499891	78979041	-0.000000	0.011841	0.248320	0.250000
Del	 9	78989023	79208634	0.006032	0.013533	0.248320	0.250000
Del	 9	79218616	79368350	-0.000000	0.011841	0.248320	0.250000
Del	 9	79378333	79408280	0.005706	0.013533	0.248320	0.250000
Del	 9	79418262	79528067	-0.000000	0.011841	0.248320	0.250000
Del	 9	79538049	80316668	0.006032	0.013533	0.248320	0.250000
Del	 9	80326651	80636102	-0.000000	0.011841	0.248320	0.250000
Del	 9	80646084	84307023	0.006032	0.013533	0.248320	0.250000
Del	 9	84316984	92763408	0.162849	0.037216	0.248320	0.250000
Del	 9	92773346	93647908	0.110871	0.027066	0.263497	0.296875
Del	 9	93657846	102136177	0.166365	0.038908	0.263497	0.296875
Del	 9	107040713	107040713	0.073335	0.021991	0.260026	0.250000
Del	 9	110247061	110247061	-0.000000	0.011841	0.252278	0.250000
Del	 9	110248120	128434724	-0.000000	0.001692	0.252278	0.250000
Del	 9	129469539	138663796	0.330817	0.057516	0.248274	0.187500
Del	 9	138673556	139820244	0.229069	0.043983	0.278439	0.250000
Del	10	1510047	6886912	-0.000000	0.001692	0.235480	0.062500
Del	10	6896911	7586856	-0.000000	0.003383	0.235480	0.062500
Del	10	7596855	18342029	-0.000000	0.001692	0.235480	0.062500
Del	10	18352024	18461966	0.021591	0.016916	0.229057	0.078125
Del	10	18471961	29726437	0.156797	0.033833	0.229057	0.078125
Del	10	29736411	29816202	0.146681	0.032141	0.284417	0.109375
Del	10	29826176	29836150	0.157303	0.033833	0.284417	0.109375
Del	10	29846124	29876046	0.146681	0.032141	0.284417	0.109375
Del	10	29886020	29895994	0.157303	0.033833	0.284417	0.109375
Del	10	29905968	29955837	0.146681	0.032141	0.284417	0.109375
Del	10	29965811	34717596	0.157303	0.033833	0.284417	0.109375
Del	10	34727579	35106948	0.138620	0.030450	0.269057	0.125000
Del	10	35116931	35516266	0.152370	0.033833	0.269057	0.125000
Del	10	35526250	35606117	0.143646	0.030450	0.269057	0.125000
Del	10	35616100	35865685	0.143646	0.032141	0.269057	0.125000
Del	10	35875668	49871603	0.156797	0.033833	0.269057	0.125000
Del	10	49881252	49968097	0.220616	0.043983	0.302781	0.125000
Del	10	49977746	53783500	0.296276	0.055824	0.302781	0.125000
Del	10	53793416	53793416	0.372585	0.059207	0.302725	0.140625
Del	10	56851396	56851396	2.254991	0.174239	0.339234	0.125000
Del	10	60277549	63749980	3.077081	0.218222	0.356290	0.156250
Del	10	63759965	68050521	3.077081	0.221605	0.363966	0.359375
Del	10	68821572	70333053	2.581486	0.191155	0.265816	0.125000
Del	10	70342888	70451068	0.075644	0.023683	0.322715	0.125000
Del	10	71539581	71539581	0.143646	0.030450	0.322715	0.125000
Del	10	86028579	88681365	0.976528	0.104882	0.346084	0.156250
Del	10	88683414	89624266	2.051148	0.164089	0.362501	0.234375
Del	10	89633436	89715967	1.994149	0.162398	0.445444	0.250000
Del	10	89725137	90918714	2.056290	0.164089	0.445444	0.250000
Del	10	95374469	103249036	1.627263	0.145481	0.377174	0.218750
Del	10	103259036	103609021	1.295837	0.125181	0.416355	0.218750
Del	10	103619020	103809012	1.268163	0.123490	0.416355	0.218750
Del	10	103819012	104009004	1.295837	0.125181	0.416355	0.218750
Del	10	104019004	104138998	1.286103	0.123490	0.416355	0.218750
Del	10	104148998	104248994	1.295837	0.125181	0.416355	0.218750
Del	10	104258993	105517162	1.564855	0.140406	0.416355	0.218750
Del	10	108316062	108316062	1.412122	0.131948	0.383024	0.187500
Del	10	108326010	108932855	0.616192	0.076124	0.383024	0.187500
Del	10	108942803	114710610	2.024669	0.164089	0.383024	0.187500
Del	10	114710999	117807881	1.820839	0.153939	0.454042	0.187500
Del	10	117816832	119748223	0.275494	0.054133	0.395073	0.156250
Del	10	119758199	120955396	-0.000000	0.010150	0.352015	0.140625
Del	10	120965372	121124999	-0.000000	0.008458	0.352015	0.140625
Del	10	121134975	121144952	-0.000000	0.010150	0.352015	0.140625
Del	10	121154929	121224765	-0.000000	0.008458	0.352015	0.140625
Del	10	121234742	122292265	-0.000000	0.010150	0.352015	0.140625
Del	10	122302242	127251099	0.017046	0.016916	0.352015	0.140625
Del	10	127261095	127700922	-0.000000	0.008458	0.354049	0.140625
Del	10	127710918	128080773	-0.000000	0.006767	0.354049	0.140625
Del	10	128090770	128210723	-0.000000	0.008458	0.354049	0.140625
Del	10	128220719	134199067	0.031934	0.018608	0.354049	0.140625
Del	11	532696	7256261	0.745079	0.084582	0.352843	0.234375
Del	11	7266201	7494813	0.690618	0.082890	0.352843	0.234375
Del	11	7504753	7534571	0.740939	0.084582	0.352843	0.234375
Del	11	7544511	7604149	0.710739	0.082890	0.352843	0.234375
Del	11	7614089	8832788	0.730737	0.084582	0.352843	0.234375
Del	11	8842513	8842513	0.712623	0.082890	0.368840	0.218750
Del	11	8852239	12293925	0.745079	0.084582	0.368840	0.218750
Del	11	12303853	12383278	0.151358	0.033833	0.298694	0.187500
Del	11	12393207	12969042	0.147326	0.032141	0.298694	0.187500
Del	11	12978970	15511590	0.156797	0.033833	0.298694	0.187500
Del	11	17734061	18616120	-0.000000	0.006767	0.279265	0.125000
Del	11	18626119	30098650	-0.000000	0.001692	0.294541	0.109375
Del	11	30254550	39878822	0.157303	0.035524	0.294541	0.109375
Del	11	39886598	42198510	0.176286	0.038908	0.302625	0.125000
Del	11	42208510	44338383	0.029933	0.018608	0.280502	0.125000
Del	11	44348382	61213478	0.162849	0.035524	0.280502	0.125000
Del	11	62789131	64133431	0.644061	0.077815	0.262124	0.125000
Del	11	64138854	67196056	0.745079	0.086274	0.298757	0.171875
Del	11	67196473	68758509	0.192302	0.040599	0.218998	0.125000
Del	11	69069538	69512061	-0.000000	0.010150	0.220511	0.078125
Del	11	69518081	69631140	-0.000000	0.001692	0.187977	0.062500
Del	11	69633592	82999984	0.162849	0.037216	0.187977	0.062500
Del	11	83009955	83259220	1.213207	0.118415	0.407405	0.328125
Del	11	83269191	86134958	1.235006	0.120106	0.407405	0.328125
Del	11	86144882	86323510	2.249153	0.172547	0.454520	0.343750
Del	11	86333434	94153319	2.290350	0.175931	0.454520	0.343750
Del	11	94163115	94188146	2.253698	0.174239	0.470403	0.390625
Del	11	94196489	94204833	2.290350	0.175931	0.470403	0.390625
Del	11	94209512	94906462	2.253698	0.174239	0.471290	0.375000
Del	11	94908734	99322321	1.957828	0.160706	0.471720	0.375000
Del	11	100850202	100996814	2.302698	0.177622	0.462684	0.390625
Del	11	100998983	102098256	2.437320	0.186080	0.472969	0.406250
Del	11	102100552	108098388	2.890580	0.202997	0.456799	0.421875
Del	11	108107011	110097811	2.822530	0.199614	0.464910	0.500000
Del	11	110107776	110436622	1.920541	0.159014	0.453540	0.500000
Del	11	110446587	110586098	1.886831	0.157323	0.453540	0.500000
Del	11	110596063	111253756	1.934883	0.159014	0.453540	0.500000
Del	11	111263721	119077225	2.253461	0.172547	0.453540	0.500000
Del	11	119085911	121949139	1.185647	0.118415	0.457635	0.515625
Del	11	121959120	122508059	0.480744	0.069357	0.440093	0.500000
Del	11	122518040	122687712	0.475697	0.067666	0.440093	0.500000
Del	11	122697692	123526091	0.496377	0.069357	0.440093	0.500000
Del	11	123536072	126293077	0.957605	0.103190	0.440093	0.500000
Del	11	126303069	126842638	0.855074	0.096424	0.448689	0.515625
Del	11	126852630	128401393	0.962022	0.103190	0.448689	0.515625
Del	11	128411385	128461345	0.934269	0.101498	0.448689	0.515625
Del	11	128471337	130735847	0.962022	0.103190	0.448689	0.515625
Del	11	130745693	131041049	0.157623	0.035524	0.428051	0.500000
Del	11	131050894	132272709	0.150690	0.033833	0.428051	0.500000
Del	11	132282651	132819511	0.143646	0.032141	0.426966	0.484375
Del	11	132829452	133406079	0.113795	0.028758	0.426966	0.484375
Del	11	133416021	133495556	0.162849	0.035524	0.426966	0.484375
Del	12	394725	850860	0.934269	0.099807	0.411705	0.203125
Del	12	860776	1009516	0.892616	0.098115	0.411705	0.203125
Del	12	1019432	1040437	0.924305	0.099807	0.411705	0.203125
Del	12	1042183	1042183	1.209569	0.118415	0.411705	0.203125
Del	12	3001344	11664178	1.329507	0.128565	0.411705	0.203125
Del	12	11803078	11803078	1.295837	0.123490	0.396003	0.234375
Del	12	11812384	12051318	1.240274	0.121798	0.396003	0.234375
Del	12	12061178	12865061	1.284510	0.123490	0.404938	0.250000
Del	12	12871011	13685816	0.865217	0.096424	0.359584	0.250000
Del	12	16394848	18219410	0.316033	0.055824	0.349898	0.203125
Del	12	18229287	18249041	0.217980	0.042291	0.342203	0.203125
Del	12	18258918	18791007	0.745079	0.086274	0.342203	0.203125
Del	12	18800886	20290667	0.787806	0.089657	0.419188	0.203125
Del	12	21591921	21633478	0.316033	0.055824	0.388283	0.187500
Del	12	21642987	23668345	0.153226	0.033833	0.388283	0.187500
Del	12	23678344	31947961	-0.000000	0.001692	0.361744	0.187500
Del	12	31957361	40763973	0.113795	0.027066	0.284892	0.171875
Del	12	43131131	49449083	0.166365	0.037216	0.245866	0.109375
Del	12	50412911	55215314	0.237678	0.045674	0.242258	0.156250
Del	12	55427311	57857525	0.157303	0.033833	0.234137	0.156250
Del	12	57857828	58814968	0.109876	0.027066	0.245141	0.125000
Del	12	60263226	67650245	0.031934	0.018608	0.216669	0.125000
Del	12	67660204	81164017	-0.000000	0.001692	0.172517	0.109375
Del	12	91237920	93380011	-0.000000	0.006767	0.172289	0.125000
Del	12	93389998	93759509	-0.000000	0.003383	0.170740	0.140625
Del	12	93769495	97347894	-0.000000	0.006767	0.170740	0.140625
Del	12	97357890	104975209	0.220616	0.043983	0.170740	0.140625
Del	12	104985207	105185168	0.113795	0.028758	0.216028	0.140625
Del	12	105195166	107154784	0.046134	0.020300	0.216028	0.140625
Del	12	107164782	109901051	0.126010	0.028758	0.216028	0.140625
Del	12	109911036	117838929	0.363933	0.059207	0.219007	0.156250
Del	12	120535113	121182155	0.274747	0.052441	0.263498	0.171875
Del	12	121192031	121350048	0.268697	0.050749	0.263498	0.171875
Del	12	121359924	133263871	0.273372	0.052441	0.263498	0.171875
Del	13	21004738	21123820	0.934269	0.099807	0.328108	0.484375
Del	13	21133744	21262749	0.901133	0.098115	0.328108	0.484375
Del	13	21272673	21352061	0.929274	0.099807	0.328108	0.484375
Del	13	21361984	21481066	0.901133	0.098115	0.328108	0.484375
Del	13	21490990	21610072	2.253461	0.172547	0.328108	0.484375
Del	13	21619995	25724224	2.259821	0.174239	0.328108	0.484375
Del	13	25734185	25933409	1.412122	0.131948	0.348505	0.468750
Del	13	25943370	26600810	1.269061	0.123490	0.348505	0.468750
Del	13	26610772	26809996	1.412122	0.131948	0.348505	0.468750
Del	13	26819957	26975682	1.346624	0.130256	0.348505	0.468750
Del	13	26978156	28578250	1.415409	0.131948	0.336573	0.500000
Del	13	28583797	28877405	1.376694	0.130256	0.315305	0.468750
Del	13	28886741	28924086	0.215378	0.042291	0.312866	0.468750
Del	13	28933422	29059684	0.219083	0.043983	0.312866	0.468750
Del	13	29068949	32537388	0.641896	0.077815	0.316793	0.453125
Del	13	32547375	32737135	1.361783	0.130256	0.333019	0.468750
Del	13	32747122	33833810	1.590801	0.142098	0.333019	0.468750
Del	13	33843709	33863506	1.066743	0.109957	0.362980	0.500000
Del	13	33873404	34259446	0.962022	0.104882	0.362980	0.500000
Del	13	34269344	41112172	2.334406	0.179314	0.362980	0.500000
Del	13	41122136	41241705	2.302698	0.177622	0.387448	0.546875
Del	13	41251669	41391167	2.334406	0.179314	0.387448	0.546875
Del	13	41401131	41470880	2.293841	0.177622	0.387448	0.546875
Del	13	41480844	41560557	2.334406	0.179314	0.387448	0.546875
Del	13	41570521	41600413	2.312623	0.177622	0.387448	0.546875
Del	13	41610378	43579958	2.334406	0.179314	0.387448	0.546875
Del	13	43589937	43769562	2.312623	0.177622	0.384098	0.562500
Del	13	43779541	44208643	2.230370	0.172547	0.384098	0.562500
Del	13	44218622	44368308	2.160993	0.169164	0.384098	0.562500
Del	13	44378288	45056867	2.331940	0.179314	0.384098	0.562500
Del	13	45066847	45136700	2.290350	0.177622	0.384098	0.562500
Del	13	45146679	45675573	2.334406	0.179314	0.384098	0.562500
Del	13	45685552	45755406	2.290350	0.175931	0.384098	0.562500
Del	13	45765385	45775364	2.334406	0.179314	0.384098	0.562500
Del	13	45785343	45865176	2.290350	0.175931	0.384098	0.562500
Del	13	45875155	46523797	2.334406	0.179314	0.384098	0.562500
Del	13	46533777	46613609	2.312623	0.177622	0.384098	0.562500
Del	13	46623589	46763296	2.330826	0.179314	0.384098	0.562500
Del	13	46773275	48878117	2.548522	0.189464	0.384098	0.562500
Del	13	48887955	48966659	2.446503	0.186080	0.392228	0.562500
Del	13	48976497	49025687	2.542655	0.189464	0.392228	0.562500
Del	13	49035525	49045363	2.446503	0.186080	0.392228	0.562500
Del	13	49055201	49114228	2.518927	0.189464	0.392228	0.562500
Del	13	49124066	54073469	2.884314	0.201305	0.392228	0.562500
Del	13	55384646	55384646	1.666916	0.147173	0.385260	0.546875
Del	13	67591727	67591727	1.345975	0.128565	0.368486	0.546875
Del	13	67601717	69419865	1.295837	0.125181	0.368486	0.546875
Del	13	69429855	70259011	0.957605	0.103190	0.368486	0.546875
Del	13	70269001	70668594	0.892616	0.098115	0.368486	0.546875
Del	13	70678583	71997241	0.954880	0.103190	0.368486	0.546875
Del	13	72007230	72446783	0.887412	0.098115	0.368486	0.546875
Del	13	72456773	75798276	0.957605	0.103190	0.368486	0.546875
Del	13	75808232	75848056	0.458154	0.065974	0.352480	0.546875
Del	13	75858011	76057128	0.426098	0.064282	0.352480	0.546875
Del	13	76067084	76186554	0.456634	0.065974	0.352480	0.546875
Del	13	76196510	76315980	0.416648	0.064282	0.352480	0.546875
Del	13	76325936	80891432	0.437718	0.065974	0.352480	0.546875
Del	13	80901431	86381357	-0.000000	0.001692	0.336845	0.531250
Del	13	86391357	92031854	0.100264	0.025375	0.336845	0.531250
Del	13	92041845	93520552	0.022857	0.018608	0.348172	0.546875
Del	13	93530543	96897256	0.100264	0.025375	0.348172	0.546875
Del	13	96907255	97497202	0.066491	0.021991	0.348220	0.531250
Del	13	97507201	98907074	0.100264	0.025375	0.348220	0.531250
Del	13	98917073	99087058	0.083258	0.023683	0.348220	0.531250
Del	13	99097057	100246953	0.094884	0.025375	0.348220	0.531250
Del	13	100256952	100276950	0.084598	0.023683	0.348220	0.531250
Del	13	100286949	100296948	0.100264	0.025375	0.348220	0.531250
Del	13	100306947	100556925	0.084598	0.023683	0.348220	0.531250
Del	13	100566924	100726909	0.099804	0.025375	0.348220	0.531250
Del	13	100736908	101166869	0.073335	0.023683	0.348220	0.531250
Del	13	101176869	101686822	0.100264	0.025375	0.348220	0.531250
Del	13	101696822	102076787	0.078251	0.023683	0.348220	0.531250
Del	13	102086786	103446920	0.086170	0.025375	0.348220	0.531250
Del	13	103456880	109237948	0.667668	0.081199	0.336139	0.531250
Del	13	109247901	109864991	0.586008	0.074432	0.357906	0.515625
Del	13	109874944	110790626	0.679817	0.081199	0.357906	0.515625
Del	13	110800579	111109124	0.654777	0.079507	0.357906	0.515625
Del	13	111119077	111119077	0.684897	0.081199	0.357906	0.515625
Del	14	20347564	25428272	-0.000000	0.001692	0.272508	0.156250
Del	14	25438250	30177823	0.015780	0.015225	0.272508	0.156250
Del	14	30187767	30386643	-0.000000	0.013533	0.226760	0.187500
Del	14	30396587	31504713	0.016122	0.015225	0.226760	0.187500
Del	14	31514666	32778718	-0.000000	0.006767	0.229548	0.156250
Del	14	32788671	32937968	-0.000000	0.003383	0.229548	0.156250
Del	14	32947921	32957875	-0.000000	0.006767	0.229548	0.156250
Del	14	32967828	33097219	-0.000000	0.003383	0.229548	0.156250
Del	14	33107172	38068061	-0.000000	0.006767	0.229548	0.156250
Del	14	38345849	65560456	-0.000000	0.001692	0.256618	0.156250
Del	14	65569040	73128983	0.046134	0.020300	0.320914	0.234375
Del	14	73138953	80471876	-0.000000	0.003383	0.347965	0.265625
Del	14	80952108	104146361	-0.000000	0.001692	0.371770	0.234375
Del	14	104540855	105906073	0.231185	0.043983	0.350987	0.234375
Del	15	26216370	26385628	1.623332	0.143789	0.466596	0.203125
Del	15	26395585	26923272	1.923046	0.159014	0.466596	0.203125
Del	15	26933228	33025361	1.982176	0.160706	0.466596	0.203125
Del	15	33033161	38525727	2.334406	0.181006	0.471800	0.218750
Del	15	38535565	39861842	1.623332	0.145481	0.451869	0.250000
Del	15	39871760	39891596	0.743032	0.084582	0.401099	0.234375
Del	15	39901515	40080044	0.700627	0.082890	0.401099	0.234375
Del	15	40089962	40655304	0.715191	0.084582	0.401099	0.234375
Del	15	40665223	42869017	0.758580	0.087965	0.401099	0.234375
Del	15	42878968	42998389	0.745079	0.086274	0.377379	0.250000
Del	15	43008341	43038196	0.762685	0.087965	0.377379	0.250000
Del	15	43048147	43406409	0.745079	0.086274	0.377379	0.250000
Del	15	43416361	45468626	0.753871	0.087965	0.377379	0.250000
Del	15	48073768	48073768	0.617107	0.076124	0.381147	0.187500
Del	15	48633092	55966642	0.543436	0.072741	0.351663	0.156250
Del	15	59502497	62266250	0.316033	0.055824	0.415698	0.156250
Del	15	63054439	63054439	0.241719	0.047366	0.435739	0.140625
Del	15	63064426	63903335	0.168068	0.038908	0.435739	0.140625
Del	15	63913322	64133037	0.164445	0.037216	0.435739	0.140625
Del	15	64143024	66190362	0.176286	0.038908	0.435739	0.140625
Del	15	66200349	66320193	0.162849	0.037216	0.435739	0.140625
Del	15	66330180	66340167	0.176286	0.038908	0.435739	0.140625
Del	15	66350154	66549895	0.162849	0.037216	0.435739	0.140625
Del	15	66559882	66649765	0.173942	0.038908	0.435739	0.140625
Del	15	66659752	67477134	0.304325	0.055824	0.435739	0.140625
Del	15	67482813	73992020	0.820609	0.093040	0.466285	0.140625
Del	15	73996169	76635692	0.162849	0.037216	0.370724	0.171875
Del	15	76645685	77185337	0.150690	0.033833	0.370724	0.171875
Del	15	77195331	77385208	0.164874	0.037216	0.370724	0.171875
Del	15	77395202	77505131	0.157303	0.035524	0.370724	0.171875
Del	15	77515125	77525118	0.166365	0.037216	0.370724	0.171875
Del	15	77535112	77695009	0.157303	0.035524	0.370724	0.171875
Del	15	77705002	77944848	0.162849	0.037216	0.370724	0.171875
Del	15	77954841	87255748	0.241719	0.045674	0.370724	0.171875
Del	15	87265690	88100848	0.219083	0.043983	0.348485	0.171875
Del	15	88110791	88509707	0.142800	0.030450	0.348485	0.171875
Del	15	88519692	88779292	0.143646	0.032141	0.328904	0.187500
Del	15	88789276	91290672	0.156797	0.033833	0.328904	0.187500
Del	15	91300350	95035670	0.028726	0.018608	0.367879	0.125000
Del	15	95045551	98674857	0.619509	0.076124	0.356238	0.140625
Del	15	99192858	99192858	0.480744	0.067666	0.458681	0.125000
Del	15	99202781	99311938	0.428300	0.064282	0.458681	0.125000
Del	15	99321861	99331785	0.480744	0.067666	0.458681	0.125000
Del	15	99341708	99490558	0.428300	0.064282	0.458681	0.125000
Del	15	99500481	99861618	0.480744	0.067666	0.458681	0.125000
Del	16	115072	3761323	-0.000000	0.001692	0.120975	0.031250
Del	16	3771040	7032454	0.113983	0.028758	0.120975	0.031250
Del	16	8382880	9857906	-0.000000	0.010150	0.167839	0.078125
Del	16	9867814	10264154	-0.000000	0.006767	0.167839	0.078125
Del	16	10274062	11350861	-0.000000	0.010150	0.167839	0.078125
Del	16	11352761	23614885	0.113795	0.027066	0.230691	0.078125
Del	16	23624278	30177664	0.021591	0.016916	0.215986	0.062500
Del	16	30187587	30981414	-0.000000	0.001692	0.206552	0.093750
Del	16	30991337	31011183	0.126803	0.028758	0.206552	0.093750
Del	16	31691912	56782249	1.581957	0.142098	0.261928	0.140625
Del	16	56787379	56787379	1.573087	0.140406	0.430138	0.453125
Del	16	56792509	61579583	1.585997	0.142098	0.430138	0.453125
Del	16	67063350	67645126	1.317015	0.126873	0.404594	0.453125
Del	16	67653978	68771343	0.892634	0.098115	0.393304	0.468750
Del	16	68780225	72821905	0.615590	0.076124	0.378170	0.453125
Del	16	72831393	72983197	0.498277	0.069357	0.382538	0.500000
Del	16	72992685	78785563	0.538241	0.071049	0.382538	0.500000
Del	16	78795528	79612665	0.455508	0.065974	0.392675	0.500000
Del	16	79622630	79642560	0.142800	0.030450	0.392675	0.500000
Del	16	79652526	81819691	0.855067	0.094732	0.392675	0.500000
Del	16	81829174	82113471	0.806156	0.093040	0.403295	0.500000
Del	16	85880425	85880425	0.743032	0.084582	0.390604	0.468750
Del	16	89250882	89297603	0.143646	0.030450	0.383840	0.484375
Del	16	89306947	89376800	0.241719	0.047366	0.383840	0.484375
Del	16	89386683	89396565	0.250303	0.049058	0.391759	0.500000
Del	16	89406447	89564564	0.241719	0.047366	0.391759	0.500000
Del	16	89574446	89791857	0.245955	0.049058	0.391759	0.500000
Del	16	89801739	89882984	0.429484	0.065974	0.391759	0.500000
Del	17	114669	6807091	-0.000000	0.001692	0.338939	0.406250
Del	17	6817086	7983433	0.995283	0.106573	0.339204	0.421875
Del	17	7990687	8693643	1.478754	0.137023	0.370584	0.453125
Del	17	8703616	8913053	0.793658	0.091349	0.361064	0.437500
Del	17	8923026	9152410	0.766056	0.089657	0.361064	0.437500
Del	17	9162383	9461578	0.756564	0.087965	0.361064	0.437500
Del	17	9471552	9940292	0.787806	0.091349	0.361064	0.437500
Del	17	9950265	10109836	0.762423	0.087965	0.361064	0.437500
Del	17	10119809	11127101	0.787806	0.091349	0.361064	0.437500
Del	17	11137074	11386404	0.765083	0.087965	0.361064	0.437500
Del	17	11396377	12043179	1.145271	0.115032	0.361064	0.437500
Del	17	12044521	12044521	1.185647	0.116723	0.364108	0.437500
Del	17	13964744	15935704	1.478754	0.135331	0.371103	0.453125
Del	17	15945343	17117070	1.415409	0.133640	0.377245	0.468750
Del	17	17122428	21809394	1.407975	0.131948	0.370677	0.453125
Del	17	29422358	30264403	1.380666	0.130256	0.308995	0.265625
Del	17	30267328	30696292	0.765083	0.089657	0.285204	0.250000
Del	17	31030716	31819598	0.745757	0.086274	0.294318	0.296875
Del	17	31889954	37618848	0.921687	0.099807	0.294318	0.296875
Del	17	37627919	37682343	0.722852	0.084582	0.299754	0.234375
Del	17	37687213	38504642	0.841518	0.094732	0.299754	0.234375
Del	17	38512370	40432362	1.134187	0.113340	0.311874	0.281250
Del	17	40442180	40495000	0.954880	0.103190	0.326283	0.281250
Del	17	40500471	45356561	1.198396	0.118415	0.326283	0.281250
Del	17	46801061	46802561	0.962022	0.103190	0.235209	0.187500
Del	17	46812061	50802507	0.143646	0.032141	0.235209	0.187500
Del	17	53367300	58206139	0.241719	0.047366	0.194767	0.203125
Del	17	58678012	58731689	0.113795	0.027066	0.177458	0.156250
Del	17	58740635	59932704	0.231061	0.043983	0.177458	0.156250
Del	17	59938854	63314191	0.365911	0.059207	0.180251	0.156250
Del	17	63526157	64938342	0.241719	0.047366	0.224902	0.187500
Del	17	66511629	66519067	0.031934	0.018608	0.199753	0.171875
Del	17	66526504	69889186	0.146987	0.032141	0.199753	0.171875
Del	17	70114461	70120106	0.126803	0.028758	0.234169	0.156250
Del	17	70122461	73774740	0.500689	0.069357	0.234169	0.156250
Del	17	73775192	74681435	0.313845	0.055824	0.247215	0.187500
Del	17	74690040	74724458	0.215152	0.042291	0.247215	0.187500
Del	17	74733062	78519511	0.934269	0.101498	0.247215	0.187500
Del	17	78529215	78948920	0.507002	0.071049	0.346773	0.171875
Del	17	78958888	80783009	0.589072	0.074432	0.346773	0.171875
Del	18	724528	9924617	0.086170	0.023683	0.218453	0.328125
Del	18	10151888	10441799	-0.000000	0.008458	0.202425	0.328125
Del	18	10451796	34803041	-0.000000	0.001692	0.202425	0.328125
Del	18	34813027	42288477	0.278915	0.054133	0.205117	0.328125
Del	18	42298460	42458181	0.273765	0.052441	0.210361	0.343750
Del	18	42468164	42777624	0.262074	0.050749	0.210361	0.343750
Del	18	42787606	44704264	-0.000000	0.001692	0.210361	0.343750
Del	18	44714246	45413027	0.020482	0.016916	0.210361	0.343750
Del	18	45423010	45423010	0.072681	0.021991	0.210361	0.343750
Del	18	46385291	48604732	0.108825	0.027066	0.222029	0.359375
Del	18	51274836	55344751	0.231185	0.043983	0.217026	0.390625
Del	18	55354693	55692731	0.219083	0.042291	0.229013	0.406250
Del	18	55702673	55702673	0.196801	0.040599	0.229013	0.406250
Del	18	55712615	56070538	0.196801	0.042291	0.229013	0.406250
Del	18	56080480	56130192	0.231185	0.043983	0.229013	0.406250
Del	18	56140134	56299211	0.219083	0.042291	0.229013	0.406250
Del	18	56309153	56414856	0.220616	0.043983	0.229013	0.406250
Del	18	57560561	60366391	0.454623	0.065974	0.229013	0.406250
Del	18	60376378	60965632	0.410709	0.064282	0.241988	0.406250
Del	18	60975620	61199950	0.456634	0.065974	0.241988	0.406250
Del	18	66080203	72326047	0.316033	0.055824	0.208068	0.390625
Del	18	72336036	72505850	0.288601	0.054133	0.222621	0.390625
Del	18	72515839	73820696	0.316033	0.055824	0.222621	0.390625
Del	18	73830636	74387299	0.175189	0.038908	0.209868	0.375000
Del	19	1207058	2219820	1.886831	0.155631	0.328710	0.500000
Del	19	2229788	4090651	2.185051	0.170856	0.328710	0.500000
Del	19	4098945	5206819	1.924780	0.159014	0.284802	0.437500
Del	19	5210753	5274283	1.231641	0.120106	0.307225	0.421875
Del	19	5286106	10244360	1.317015	0.128565	0.310708	0.406250
Del	19	10253093	10597411	1.102815	0.113340	0.336449	0.343750
Del	19	10607285	10617159	0.820609	0.093040	0.328170	0.343750
Del	19	10627032	13049539	0.456634	0.065974	0.328170	0.343750
Del	19	13054627	13519303	0.387050	0.060899	0.300575	0.296875
Del	19	14626867	15271999	0.073335	0.021991	0.283208	0.265625
Del	19	15281559	40721452	-0.000000	0.001692	0.293772	0.250000
Del	19	40731392	40761212	0.004774	0.013533	0.236671	0.234375
Del	19	40771152	41760161	0.269743	0.052441	0.236671	0.234375
Del	19	41765634	45854933	0.470876	0.067666	0.245414	0.250000
Del	19	45864365	47725067	0.265561	0.050749	0.237408	0.218750
Del	19	47727061	47731559	-0.000000	0.001692	0.237408	0.218750
Del	19	47735816	51775633	0.144624	0.032141	0.237408	0.218750
Del	19	51785528	53812523	0.189333	0.040599	0.281085	0.187500
Del	19	56752041	58288169	-0.000000	0.010150	0.249515	0.203125
Del	20	345864	6762666	-0.000000	0.001692	0.298538	0.078125
Del	20	6772661	16142333	0.657114	0.079507	0.298538	0.078125
Del	20	19414947	21116302	0.176286	0.038908	0.266349	0.062500
Del	20	21126294	30313203	-0.000000	0.006767	0.294989	0.046875
Del	20	30323100	30926813	-0.000000	0.001692	0.169751	0.015625
Del	20	30936710	31013765	0.104640	0.027066	0.169751	0.015625
Del	20	31023688	35497940	0.138620	0.030450	0.153393	0.031250
Del	20	35507839	36971119	0.099054	0.025375	0.301919	0.046875
Del	20	39657724	39744207	0.073335	0.021991	0.433592	0.046875
Del	20	39751886	40709546	0.161633	0.035524	0.433592	0.046875
Del	20	40719413	41956920	0.127896	0.030450	0.424909	0.062500
Del	20	46251033	55118200	-0.000000	0.001692	0.333503	0.031250
Del	20	55128180	58139634	-0.000000	0.008458	0.333503	0.031250
Del	20	58149099	62327135	-0.000000	0.001692	0.333503	0.031250
Del	21	17798960	36265241	-0.000000	0.001692	0.303903	0.328125
Del	21	36421168	38123817	0.015780	0.015225	0.301839	0.312500
Del	21	38133764	38362539	0.006032	0.013533	0.321215	0.296875
Del	21	38372486	38979239	0.015780	0.015225	0.321215	0.296875
Del	21	38989186	39297536	0.003008	0.013533	0.321215	0.296875
Del	21	39307482	39585992	0.012793	0.015225	0.321215	0.296875
Del	21	39595939	41918958	0.127896	0.028758	0.321215	0.296875
Del	21	42462188	43174436	0.730737	0.084582	0.315168	0.328125
Del	21	43995923	45660694	0.644061	0.077815	0.343185	0.312500
Del	22	19053406	22260854	0.022857	0.016916	0.312823	0.390625
Del	22	22270650	22339221	-0.000000	0.001692	0.302152	0.375000
Del	22	22349017	29404227	-0.000000	0.003383	0.302152	0.375000
Del	22	29414001	32901661	-0.000000	0.011841	0.300456	0.390625
Del	22	32911633	33180859	-0.000000	0.008458	0.328286	0.390625
Del	22	33190830	33260630	-0.000000	0.011841	0.328286	0.390625
Del	22	33270601	33460056	-0.000000	0.008458	0.328286	0.390625
Del	22	33470028	33819025	0.530700	0.071049	0.328286	0.390625
Del	22	33828996	45262157	0.777616	0.089657	0.328286	0.390625
Del	22	45272000	45409802	0.764517	0.087965	0.371663	0.421875
Del	22	45419645	49026453	0.783173	0.089657	0.371663	0.421875
Del	22	49036292	49154366	0.764517	0.087965	0.366319	0.406250
Del	22	49164205	49370834	0.787806	0.089657	0.366319	0.406250
